1229
7988
6185
3968
734
4803
8213
4852
4468
6647
3695
8815
8773
7603
7976
1600
8237
7819
8067
5974
1915
7576
8280
7724
2651
8790
7977
6506
2663
5029
5059
4051
1438
4313
512
3313
8193
1088
6282
3453
2033
5066
5027
5022
8990
5452
107
8022
4525
4416
5931
6728
6261
392
5627
758
8619
2445
8848
8637
8557
5031
545
3587
3594
7848
3529
7695
7998
1763
8624
7221
608
2787
6807
2883
231
2972
6738
1440
5883
5348
6331
8441
8955
6327
6935
4111
4760
3562
7471
2742
354
5837
2178
3603
212
5108
4739
7739
4049
5207
7822
5017
1233
4426
2070
4864
4279
2313
6295
6675
5602
1013
5139
5158
7711
4943
4119
8205
43
7647
1825
6217
2217
4324
7856
2969
4212
7485
4198
4202
435
6944
5205
5804
2845
5512
2419
1300
252
8667
980
8267
3699
2238
742
5284
199
8899
5073
3445
3832
2355
965
1922
4905
6696
4301
5392
8924
7746
624
162
7067
4557
1869
8005
4100
246
5966
1132
2109
1571
2729
5467
6332
8194
6393
2988
473
5060
4232
1272
977
4268
5671
4851
3676
5232
4918
261
5195
2934
746
214
1326
1357
6179
7579
2416
4838
2840
8829
7547
6994
5287
4093
2469
8393
5710
2025
3481
2935
2611
8345
1508
7838
6576
6407
6370
4750
8142
3193
494
1675
4512
6976
1124
5102
991
3591
4226
7322
8474
1028
3624
8707
1643
6635
1835
6153
1885
2589
3850
2755
5003
553
997
6338
7921
804
3105
85
213
8926
5785
3863
6887
1226
1483
4633
7044
7372
4827
1669
8602
8818
4797
6942
8895
2023
4658
1873
809
8908
6305
394
1391
1374
5336
1700
588
4107
695
4597
5896
8197
2548
6228
4489
7035
7061
973
8348
6638
3315
8660
8817
3247
5993
8638
3755
2394
4204
3021
115
3908
7298
834
2066
3211
3808
1436
4124
4034
2228
2693
1694
6550
771
7162
4920
1397
2473
3197
2874
3260
3302
2493
7381
2461
8355
8819
2225
2676
4741
8734
815
7064
7624
2628
7925
225
4156
4352
1396
8363
4643
1666
1897
7431
5478
5020
380
8485
4355
8
8259
8109
42
5524
5917
4604
547
4924
684
98
8379
7089
4215
763
4939
6388
1552
6200
7951
646
8750
2403
5200
6031
3759
8763
4474
5374
3265
1661
2409
4558
8687
5915
7128
3504
5730
8989
6374
2476
1460
3337
6560
5010
6369
7897
4507
8177
7633
8956
1314
1393
4978
8170
1337
3212
978
5007
6819
1960
2346
4348
6378
7
8283
6037
1645
3316
7909
4531
5182
7176
262
490
5197
441
8058
1306
2016
6170
7155
7427
8407
5957
1649
4457
6660
8888
4365
8762
7115
2599
1402
911
4058
2746
820
3369
844
4896
3233
7528
1950
4744
8160
8326
3977
5934
1101
4836
1404
2048
1474
439
3924
5981
5051
1839
8746
6617
1794
6541
3748
5758
166
5014
448
5563
7651
4680
5678
5442
1362
1672
7019
4536
2997
6036
2254
7093
1902
2669
7895
7901
796
6413
6975
8934
5909
1039
3649
7880
5175
4936
4228
1401
3061
3096
4966
6271
8211
1482
4001
1639
5006
5135
3451
4925
5122
255
2985
7684
2040
7198
110
1346
6156
3263
8792
7352
2104
8936
5881
3787
7409
1949
203
3441
156
7224
4065
4181
8024
7462
4644
1383
5238
3888
1740
438
2511
8035
8871
2221
7536
5276
6079
6604
6251
6833
903
2259
2960
7863
3957
1358
8783
5330
6843
4759
6463
8759
5665
6656
7491
1563
4447
5363
5500
8969
3053
5590
4146
94
4101
5793
1598
5670
8840
1705
2719
3654
5178
989
891
5568
8528
4494
7877
457
4335
2584
4418
409
5684
2172
2373
8739
2856
6764
5164
2758
4375
5979
2087
2621
4869
6011
8552
1860
7102
4610
4197
7911
7245
2843
6722
5275
694
5686
6632
2864
427
8311
1520
412
5762
3238
3275
8756
8642
8626
7028
1852
3091
1773
798
1050
1052
6266
5038
1656
2976
7056
1799
4583
7662
8695
6796
5220
182
2368
2666
2783
5871
6108
346
5808
8221
5749
6918
1687
2243
1096
5152
4066
829
4092
2927
3367
7571
1065
1480
1918
7959
7125
2567
5809
2839
8902
7402
2847
3437
8351
6849
7394
8797
780
4475
6860
852
492
8183
4040
7701
543
2134
5281
6269
3980
2200
658
8608
797
2707
1787
4776
5216
4784
7164
6934
8900
7758
1695
3223
7623
7778
8982
3867
5320
7981
7688
2838
6752
5824
2463
6113
1997
2159
1866
7592
228
4967
6318
2455
8325
3319
2869
4342
1105
636
5381
1086
7168
762
3752
2880
6950
2503
382
3641
7440
4692
2805
7383
7158
2644
5583
7236
714
5410
1637
7450
5647
2032
8536
8490
8590
4349
266
3738
7861
6090
6941
877
4166
7046
3717
6294
853
3936
4551
6096
2322
1166
8651
1265
6202
2160
2760
3982
1889
4391
2072
5223
4668
7922
2614
2842
6155
2655
7344
67
5666
5053
4422
7508
5331
3531
6718
6317
3647
1605
3684
581
3514
2114
8597
3495
306
8412
3966
4622
57
8587
8119
7194
5537
4910
3231
2140
3207
4347
4382
8113
8253
5681
6434
6070
4254
934
3013
8017
2387
5368
3740
5283
7578
7279
8163
73
3993
3697
2958
4912
2031
7839
1752
1289
3268
3413
5313
5317
2439
125
2011
8670
4848
5625
5847
1801
5449
2622
7277
7108
5104
8654
8191
7466
3544
4518
6224
6766
7652
2475
4813
1710
1907
2098
2736
7328
8026
3458
1665
1843
2937
4438
6559
3734
1214
5725
8266
8761
5109
1985
8227
3712
4008
2568
5794
4274
7767
6301
2878
835
7915
4871
7913
3493
178
7612
8145
5063
8112
5181
8548
2195
4639
3628
6397
71
3092
8516
7096
7645
8303
4084
2619
633
1275
466
2150
2851
3029
3675
8917
1212
2289
731
7045
1293
4839
6758
4219
2015
1738
8365
3681
8968
5412
2151
2648
395
7007
2019
1681
3024
5639
4796
2123
6382
1998
256
3967
6253
3597
2510
1382
3401
3030
8994
7072
1903
5695
373
2155
5861
1751
5997
2682
5542
8041
7535
8134
2551
3528
139
626
6670
4979
1328
2126
4646
1582
4722
1519
8196
2759
5674
6557
974
2179
6776
6008
20
2918
4742
5641
8856
6740
1303
8965
3282
6986
5309
2835
7262
6342
2245
586
2665
1660
7452
4714
6088
4022
4795
7172
3978
770
5765
8354
1276
6885
4462
4818
375
1454
4792
4671
5902
6633
5929
2257
4729
5155
1750
813
2756
3125
5907
627
5366
764
1283
799
847
6026
897
3041
4430
3889
6315
7832
3393
3446
7828
3795
6573
3565
2968
5419
6074
6379
7660
1652
2060
2376
3306
7395
6875
6349
5975
3991
1650
2452
8614
8190
7807
4832
7892
3963
8118
3616
3521
3954
8494
8312
7886
7953
5373
8306
4667
8659
5846
7788
5613
6536
3731
87
8988
1679
1260
2268
8332
2776
6668
8154
6189
7668
2052
6340
6971
8037
7282
3033
3391
4922
5898
1330
5514
3750
8886
3405
7993
5407
8694
316
4527
1197
4748
7175
4154
4159
1789
3662
2877
1484
3139
8314
8276
7299
2034
2833
2984
2496
2342
1202
8496
7337
2624
4408
1092
6478
2324
3834
4679
3057
4036
5075
3884
4734
6190
6265
326
6015
2279
7783
3136
2286
6400
5430
1364
8092
1783
3375
6596
5850
8481
244
5598
846
3729
211
4190
2692
3071
520
8423
4072
6538
2088
7293
8998
5475
8034
3058
1356
1321
6275
6566
4194
4755
8103
7487
8635
302
2354
6082
7761
6134
3541
8671
3735
3134
2188
2752
8440
305
6702
399
4506
7499
5250
3829
7781
5217
3165
1977
7051
1583
6443
3396
2767
1795
5156
7323
3178
6314
1141
1029
3877
3491
4882
7199
3983
4534
5304
3202
1365
8043
4303
6735
6948
6568
1734
6415
141
4125
5376
5453
2175
1877
164
4817
5257
1225
4244
840
155
5163
2485
6598
2157
4338
5679
8235
8863
1247
6022
6259
3582
4165
8231
4211
7467
8372
6184
2938
3655
8418
4005
5750
8404
7733
5278
8873
884
3008
1411
6060
5859
7448
5042
4973
2732
4689
635
2604
2634
8971
4617
1765
4625
2127
5420
6603
6886
3167
338
2780
7268
8138
690
1015
8217
289
3251
5128
4647
7590
7411
8258
8559
4872
5533
6426
2396
432
4535
5358
5700
6961
687
8723
5830
4476
7011
8302
6666
7754
5176
4802
7580
2915
6419
5747
8294
7311
724
325
2167
7318
368
990
785
3726
7950
3749
7755
5326
5323
3751
3693
1785
8684
4314
3291
449
8706
5767
6114
8419
5518
3805
330
708
387
6490
8373
3228
8658
4135
2943
4944
6964
1917
1042
4459
3395
735
5652
2272
1390
536
1654
8991
3858
4765
8729
8432
1577
1570
5356
5119
5105
5699
474
8565
6646
8757
4299
1828
1002
6983
6634
6896
4017
3804
3700
2594
8691
7353
1898
1174
8014
8698
7661
7166
6000
4923
465
488
4544
6151
696
8530
1607
7184
7728
524
7507
7669
1152
1935
4523
3344
5097
2875
8359
5961
7304
1533
3913
7790
2994
482
5292
2588
5180
4431
4529
7254
227
5958
2609
2081
290
6923
7609
2118
6779
6554
3126
3961
353
737
3882
5386
539
1757
183
6267
4263
6136
2386
201
499
5377
1497
8462
4821
1317
3243
8887
4946
3182
2792
5434
4718
3161
6350
3196
3909
4250
7868
4321
4087
5441
7521
874
8449
685
7226
4238
4298
1144
7433
2695
2427
5461
1296
6643
7358
7657
3023
475
6532
5508
1487
5603
3878
2940
1933
5254
3798
940
3124
8389
5544
557
640
527
8470
5390
5656
7270
3810
1269
4353
2953
253
8541
8736
868
2499
6084
3620
5543
4994
1044
666
2371
2426
887
7945
6612
2135
1713
4728
3523
189
367
704
6951
7342
72
794
2406
913
1339
5303
1882
617
8678
3948
4510
3284
4968
6664
2377
6279
6695
7170
8080
8782
5174
5985
7455
6825
787
8064
2827
6749
5506
3442
6877
23
6767
7307
3683
2601
5630
3173
6916
113
3602
2867
7036
6520
3640
70
1205
3308
5877
4277
5138
2814
7884
6117
6840
333
8583
6721
2667
7572
247
1045
7110
607
7775
729
4386
8547
4572
3274
82
6416
3688
4788
4367
4042
2092
4940
5092
8938
6874
6745
7445
1693
2996
8206
6904
1444
655
882
6601
7522
5285
6570
3704
2105
6851
3170
8328
7034
8484
3762
1609
6150
6166
5878
4842
6593
3094
3012
8339
2873
2425
2055
6430
4045
8881
263
7670
3100
4496
5735
8874
4262
8740
542
1810
6761
4011
129
146
3420
6312
7820
5145
6390
6838
1463
3085
4570
665
37
184
5343
2826
4612
7796
3971
2005
1284
5497
389
4214
3975
3618
254
4955
7214
1447
5413
6013
3816
5188
8340
5094
7683
1499
6313
1593
3664
8416
1807
8506
6910
2347
1971
486
5551
362
2139
2296
598
1948
1025
2749
1193
2164
3135
2956
6051
3152
7160
8832
5662
8371
6322
2102
5231
3626
7760
8110
3370
7648
4150
4081
5083
5076
5996
761
5371
7020
7753
3799
6050
7422
1723
3073
8820
2582
3131
7261
1900
5756
1227
1455
308
3298
3220
4730
5293
2197
6854
4870
4031
7869
5668
3171
4292
7702
5310
3296
4118
8673
7417
3710
3549
2094
3652
118
3671
3448
951
6558
5841
856
1274
6231
587
3433
374
5513
4231
596
6293
2533
6955
1727
1793
3976
3547
3790
5565
6241
7734
821
7439
1664
1505
8299
6073
2300
2954
5557
901
6852
3048
2122
7171
497
15
8551
604
6921
7388
843
7574
53
3186
3817
4541
172
4670
8571
1189
5682
5380
1502
8640
4481
1912
3610
5764
7904
8082
4343
1905
5605
5554
6191
671
3893
5267
8240
259
3462
4155
7368
6319
487
7474
1567
8966
2952
7077
1776
3668
3341
4224
5811
8679
5263
5946
4514
1232
647
8435
5048
5882
8692
5840
2923
1009
1095
4902
6895
1122
89
828
7292
8533
654
2608
6913
1968
6701
1207
5239
2422
3702
4404
3342
5142
3581
5601
3364
6830
4341
6460
879
1704
6790
5988
1587
6826
7714
7630
721
7082
4772
6075
5459
4492
2277
7596
6817
4328
1208
6077
8346
2539
945
1990
7416
6046
7640
5667
6433
4516
4490
2029
7112
4890
8403
667
8854
3279
5573
2285
6054
8433
5131
972
5923
286
6208
1500
6650
3389
3224
8439
2222
5432
4428
4683
8852
1000
7919
1658
5983
5842
7692
8764
8755
3921
1541
3725
3359
6290
5797
3266
8526
4669
912
7857
6233
3852
2708
662
4033
7990
5439
649
727
7415
6626
7014
5673
2962
7524
7021
5636
3323
4914
2592
1087
1617
8056
7153
6945
4377
2366
2348
1667
6868
5455
1371
2810
541
7518
3782
2520
1613
5721
5443
4783
2364
2078
878
1167
8434
8169
8133
4539
6163
3000
3410
152
4930
142
1821
4524
7121
2466
3471
344
8457
6528
2550
8931
2446
2697
4113
3145
7914
5526
2740
5716
4470
2206
4837
3305
7631
293
5591
1054
2402
4594
7551
2741
8171
3720
5531
987
7617
2091
5215
4359
1200
6144
6458
4357
7766
8592
8333
3151
8607
7343
7510
7341
7069
5623
5009
4763
7315
2868
3311
2725
8087
2626
2262
5265
6991
2775
7805
1853
1246
5843
6741
7910
396
8166
1580
4360
5055
3018
5723
8720
5921
1111
5474
5742
5986
2949
3225
6682
6561
576
8595
4467
3631
6565
5162
4584
7780
2013
7679
6211
7300
5943
5967
1442
314
660
2525
2518
8219
8179
4477
2565
7519
5302
1925
8101
4565
3959
5901
3317
2459
4677
616
2540
312
1688
1100
5127
8649
3533
5580
3215
1348
4726
8731
2738
275
455
6789
615
6477
3766
5064
8282
5752
6879
6917
7391
958
1302
8047
2316
1585
2691
6034
3625
3896
3188
2421
1066
2983
886
4574
8810
6424
6475
8513
2564
1992
5556
2559
8220
6219
6769
8549
6653
3461
4738
5177
2735
7801
5911
5976
4308
2075
2304
2024
8760
8751
8962
6438
5990
4793
6505
4834
6067
8664
7616
7575
1830
1126
5487
8584
1864
8028
3916
1432
6106
5387
332
2288
1982
1999
1707
7706
4174
1589
2632
8768
4887
6016
1359
916
3818
2115
3721
4816
4281
8933
1399
2497
8804
740
1629
8527
6674
8912
2494
8228
8353
5403
7691
3904
2273
3239
6584
1551
248
2593
1678
3612
4458
2683
8493
765
5179
1194
6956
4158
851
198
1615
1421
4363
8646
8078
8696
4798
4885
5715
4078
7716
3158
1754
4187
6232
4439
6816
3332
3517
8954
956
1425
31
3903
7399
885
8383
971
5438
1535
669
3146
3895
3004
3432
4545
6689
1097
1662
7563
7768
6168
532
3431
3490
6006
7568
1271
191
2747
8593
5631
8632
1730
4029
8572
1766
2054
6116
121
4697
664
8286
4127
8995
7002
8865
3172
6614
5924
5252
7659
6272
8862
5424
7614
4091
2981
296
6523
5089
3775
1400
7882
700
7903
3874
7881
8275
6167
1728
445
8662
7569
8319
1078
8580
4273
5098
3482
7628
8036
6010
5471
3578
2803
3179
6105
5789
7050
6098
2623
1819
2765
6931
2933
2678
1301
3115
744
6922
4894
5071
8452
447
4172
4901
128
7867
3794
6527
5072
5553
3956
3032
7132
1488
8605
7273
3203
6943
6466
1441
2187
7084
7635
7113
3515
6352
3428
6188
5956
2332
3128
6110
7664
4789
5694
8754
2841
5050
8839
6308
1385
8289
8858
6750
4907
5947
3246
689
7557
6774
1712
4116
355
3157
179
4578
7875
337
6628
173
1298
6732
4779
540
2664
5389
3056
1490
578
7559
7505
5757
3163
3690
5160
5483
1865
1854
1333
1546
235
7917
9
7723
4915
4256
6149
5733
6510
1797
2053
7486
1921
6329
3352
4390
6222
8018
8711
4417
4828
4919
1761
2393
414
6639
6535
2121
6030
4501
5893
7930
7804
3097
8915
5693
1970
7737
8090
5711
3898
2615
2566
7319
219
7169
5444
6892
3234
7145
8870
8141
95
1996
781
4015
1082
5315
7405
6069
3604
8629
3037
4420
8578
7961
8606
2235
8898
8207
8431
2563
7500
8949
8502
8985
3155
6100
6753
2168
6912
3269
6285
565
8186
865
8222
5099
8564
854
1196
3922
5801
949
1485
8185
477
568
1120
5157
5814
35
6264
5024
2154
4861
2147
99
6687
4971
3608
4208
3870
1963
5078
3568
8770
2630
2508
6300
5259
7999
1057
818
2921
919
8400
4898
7109
645
994
1456
6928
3507
4266
1844
1817
2191
1481
4294
5421
7258
1427
7727
4635
4770
7898
6608
8226
1767
8060
1927
4980
4687
5499
4296
1352
502
303
2216
2073
2724
6839
1994
8625
4184
6462
4456
653
4141
1729
8686
2049
2872
1686
4409
2291
4520
3026
1529
446
3809
7101
670
467
5040
1351
1424
1732
114
4261
2512
8937
1184
1094
77
4069
2889
192
2356
1077
1702
7240
8618
7052
7774
3366
3077
1073
3803
6141
650
4003
1297
8374
1419
4502
1450
8247
8748
8053
4853
7719
3409
2645
5025
1699
5398
1880
5337
3479
2679
7564
7506
6876
6578
5429
5282
196
3890
2688
4809
3987
1459
6525
5813
5307
2018
1536
7850
3399
4482
5228
2173
260
963
1554
1523
3059
4070
177
1711
7149
4356
1091
8621
6823
1136
3200
7083
2526
8544
3321
3703
7239
2552
525
4213
5818
200
2282
3960
1198
7750
7150
8682
2999
5535
4346
4873
4811
6428
5460
7285
3144
3548
3821
208
7209
517
8099
7864
8135
3376
1737
6707
2587
760
6092
6516
7222
4362
6059
2892
6898
1234
4046
5469
3837
7301
6820
8925
4318
4465
7389
6850
1037
4752
6012
5807
6627
2444
4090
8162
1946
8061
6223
1560
2093
7200
7696
174
7731
8600
364
7000
8620
2532
340
3950
384
5805
327
2636
4218
2596
29
4587
1162
1790
2454
8826
1038
3812
7370
4965
8188
8146
1908
807
3679
8816
7152
2044
832
7419
4847
4192
5458
1514
5070
7853
7785
5148
3082
24
6694
3116
8555
7192
4747
504
6192
6354
7887
6654
8708
3237
3701
2280
5352
5646
4330
7361
2745
1938
4822
8344
6814
7029
1059
5314
2293
3285
1862
5417
6949
8387
2920
365
7553
1525
3667
2848
4216
3663
3016
7675
5492
458
2637
4149
8786
7671
6587
5234
3545
6780
4929
5457
3928
8520
6727
1373
2345
2966
4188
5091
7558
2283
6062
6890
7615
6980
675
7003
7613
1492
1254
6719
8475
133
120
7837
6524
7787
8054
8483
1070
4995
101
4063
1416
8876
4957
1458
5451
1323
5360
1522
163
4152
299
2537
3615
1512
4280
8799
1714
5938
471
8464
1691
7497
1697
3632
5172
8315
1192
8504
7252
8941
2684
909
1129
4317
2203
2271
1089
5910
8724
6213
5258
1203
4473
975
8780
2307
6389
2641
8509
5085
1478
3862
3992
6616
1983
6954
6827
18
7478
8889
5977
8098
4249
5187
2668
4432
4715
3919
3121
5969
6919
7387
1674
3277
823
4552
6080
5827
3557
7281
7770
5035
3081
7059
7470
3320
49
6960
773
4282
3101
4115
92
8993
4970
7747
2487
1135
923
5984
2618
4825
3154
7772
1791
1595
8776
6135
6529
7656
7350
411
1614
5763
505
3899
7269
5640
3692
3838
4209
8330
8430
3561
4217
5454
2703
7283
5143
5132
594
6403
2574
7638
4446
1350
81
5609
4735
4412
1532
739
2700
4054
4720
6893
3084
752
1833
8329
1964
8148
165
3346
7317
8929
2546
4139
619
1716
7525
7276
5365
2837
8270
5770
1063
7871
3497
8837
5011
5776
8008
2946
5086
4094
5409
7106
480
281
3169
2264
6210
4935
86
61
7944
523
7267
2711
6897
8096
3627
3190
7130
3153
720
8352
7707
5740
2133
8000
7272
6328
3181
4381
4629
1659
1913
6911
6485
5720
3381
2107
1020
4395
6049
6498
8730
5806
4293
6691
2430
5296
3952
967
4607
4117
1199
2323
6998
7482
7012
6235
2458
2524
6115
6572
7180
6799
7042
2385
8025
4366
5970
8476
3198
6773
8040
7085
8242
4032
176
3887
641
7693
4039
2318
6714
5144
2298
3623
8628
554
728
7947
6726
5113
1235
5529
3488
8833
270
5820
4466
5585
3613
2149
7355
6422
2680
7704
4309
5193
5271
3768
1011
4147
7479
8178
1979
2361
3875
3714
8069
803
4721
1068
6249
4464
4771
4179
58
127
7100
4285
1027
2327
2530
5230
5912
4774
4287
1299
1168
5872
5560
2911
6119
4804
4757
1930
5945
6081
8127
7608
1465
726
1573
3235
3949
7948
6962
8003
6058
74
1417
1117
8645
6717
4253
8821
1778
4096
2649
8577
8129
552
6126
8341
8368
2527
509
4413
216
5448
6159
4077
4004
4344
2778
8913
4320
251
7009
1316
894
5034
4719
426
6759
1812
6276
472
2536
8032
5464
2030
8805
21
8063
122
6392
2654
6676
7092
1733
2148
4368
5546
1236
4899
8883
4928
1820
7905
6454
7873
3400
8039
4745
5342
4876
1756
8320
2989
7238
6530
1003
8728
6335
7763
1403
7738
4590
8121
2004
8861
5382
6345
3586
7938
6920
6797
7133
3722
1815
2585
683
2811
50
1596
3204
7673
2818
4805
2903
2337
2861
4588
4725
6455
7090
4140
6339
2975
5597
8152
4640
5604
90
8947
1612
3253
8846
1677
1414
7815
5015
4086
3758
1310
1516
1053
5266
319
2990
7371
7515
66
6277
3598
8653
4860
3689
4286
1288
1109
193
5650
7256
1281
1381
204
5706
7542
814
5616
7567
1796
6629
4704
1604
1239
1241
6316
8997
6658
1493
6395
1040
5002
8378
6990
4002
7058
7138
1363
5081
3267
3486
485
2310
7375
7099
3723
6065
8376
6304
2797
6755
2698
1564
4933
4810
5204
3098
4300
7309
2638
8919
3257
3427
6512
5140
8855
2120
8532
7926
2247
5894
3770
5739
8262
7400
8224
3129
3450
1995
108
4678
8251
584
5039
4893
4185
3813
6230
8318
6622
1967
5826
8836
5243
3426
6932
7346
2771
2482
3093
1470
4315
5289
6348
4927
4619
8828
5654
7967
4571
3706
7369
181
8570
1770
3414
2017
4566
4626
1486
5462
1389
1048
5312
4048
1644
6323
350
2111
5095
7446
6461
1181
4581
1685
6763
8808
5791
3629
947
4283
6268
7744
838
4340
7931
1386
2417
5246
7751
224
5044
5016
3187
3062
7105
4881
5345
7349
5149
4806
280
3855
370
8001
3583
7860
7354
5707
5905
2926
6795
1634
1657
8255
5488
7484
4164
1043
5746
6768
7410
1062
519
1341
8386
6418
2714
8973
5334
2116
5385
706
6803
2359
3334
371
2108
3920
8901
1870
2858
5054
2336
6486
3444
2821
2308
749
889
4724
1558
5787
5599
4248
672
5999
3666
7533
3142
3611
928
6484
1221
8674
4504
961
7791
2100
5729
7005
3715
6936
8796
7032
3737
970
3447
6351
8693
6071
3595
5833
5653
1395
2082
7548
3415
1157
1572
4203
1741
3824
4799
6526
5854
1080
2380
3914
7404
4471
5186
4288
1987
3147
2955
356
2170
7955
1920
1242
1415
7351
4478
3732
6324
3001
206
8350
2763
1655
7501
6452
97
4960
5501
5241
6162
2251
2334
4233
7126
2069
2553
1719
6160
841
1335
4948
1943
7469
8727
6302
7463
8722
7698
4451
719
7872
5753
4493
6985
7823
2896
3060
1332
3871
7443
4057
4976
8126
5235
2137
6363
3785
6464
5248
4480
1701
5167
3328
1008
8203
32
5651
3075
1904
1910
4780
4073
4880
8097
4567
341
4758
4195
1586
1537
8136
6974
6724
2415
3596
5887
6288
1671
8144
5779
3208
6368
652
6044
5470
8880
1108
328
393
2779
6089
4769
6138
8738
3035
751
2932
5261
451
6872
417
629
7620
2398
2095
8788
1576
4138
6744
3551
4436
8131
2450
1811
8556
775
7632
893
8699
2836
6029
6915
2237
8150
3573
3600
7650
8336
8683
816
6518
3885
4624
4883
6500
1264
8176
249
5930
4868
2751
3926
3727
1134
2902
3532
6636
7473
5133
7932
2367
342
8822
419
4616
3162
6977
3886
7618
8244
5171
3378
3979
4162
3736
336
2961
5329
4582
6493
7992
2240
7183
7520
2146
738
1518
4656
8079
555
6734
1663
4790
5906
6158
7287
7532
1914
5000
2006
6665
5558
5209
8781
1418
4710
7757
4888
5624
3457
2970
408
2249
8429
1975
1739
8911
7316
124
4941
5255
1668
1355
766
6793
7851
1507
1722
144
5644
2547
5567
3353
8963
8158
2039
1422
6495
383
4097
4977
3466
3542
7275
3939
7550
1932
925
6882
7230
1504
3068
1769
3864
1014
3796
6154
2328
7218
7137
717
298
1988
7068
1217
8634
6517
7935
1742
3653
7582
3137
3638
677
2365
1559
3757
8866
2704
7584
4276
7667
140
3156
4854
1682
513
1307
6848
8987
2414
3964
6899
5817
7104
3416
4591
8007
3338
5349
8603
3791
6582
2924
1453
2061
106
6667
229
1291
580
8980
277
7424
3272
7876
3218
7329
1280
1058
7193
1642
8411
5170
7308
6607
2554
2214
5620
1619
2764
5971
7966
8172
1311
3402
4053
2505
4126
8717
528
7303
3159
6708
5190
4542
7048
3556
5515
3011
6482
6307
7197
2558
5509
5866
4379
8503
3825
6546
2284
2491
7174
8468
6469
6262
7889
7526
1957
6409
8916
1178
5927
5463
2770
250
4945
866
8370
5222
1268
481
8243
7862
999
6298
8726
1566
6630
8438
4271
5418
6723
2907
2007
5321
3374
390
1684
8044
7511
4207
7554
2715
3953
5852
8009
1909
3180
5103
7566
2772
8420
8287
4306
2919
7297
3398
1709
4891
1103
778
6821
3383
7122
1768
4491
7250
8824
8779
6097
7357
1338
4746
8596
4448
6637
7699
3897
5504
6754
5587
7295
6855
7280
3349
7792
3109
3278
1074
1112
7827
168
3177
5473
7865
7816
753
2795
3080
6446
291
5876
2331
6709
5660
3940
6270
3368
1305
2689
3222
320
788
2987
2543
3478
6927
8123
4361
6623
3365
5916
7643
2391
6371
6457
2028
8573
7824
2205
2246
6806
391
6883
3123
5928
6182
3988
3883
6787
855
4312
8254
1349
2338
2929
4645
4414
782
5327
6286
5941
4265
1846
845
4596
7207
4820
3242
2824
1549
1137
6056
8524
3412
6858
8225
1976
6784
5274
1764
3836
3660
5649
4041
3572
4257
4255
1489
7589
145
881
7075
5477
5972
4114
1125
2789
8972
8589
6344
900
33
421
4688
3872
4889
8890
2519
5237
7338
190
6453
4618
8910
161
4319
4595
1760
1379
7556
4664
6933
2737
2256
8984
1257
5642
5576
8249
2916
6447
7147
4961
7185
4449
3933
8747
2908
732
6465
7367
3063
483
2522
3356
7233
7290
7366
8401
589
8690
6201
8891
3657
869
5001
310
6236
7148
7762
2161
6901
4076
3392
4972
8518
8743
8317
2607
2239
1611
7212
7718
7457
8469
4661
6909
5056
5718
1222
3828
5308
6442
583
6405
1494
5426
1158
7332
5643
4103
7587
5734
4517
2438
5491
2253
6472
7972
5210
5618
7363
1838
1315
3465
8046
5792
8639
2041
2893
8413
1635
1972
8705
1956
349
6613
4247
2112
6743
1230
7071
5522
5980
1827
8510
5777
76
6652
8813
5634
4605
2670
8288
6966
3452
6118
7320
2769
6094
3475
783
5423
292
301
3923
7960
6863
5146
1420
7689
4380
2492
4311
7721
4694
3435
610
4151
8831
1632
4606
8554
8964
1360
6360
8241
698
3861
19
3868
3630
7560
562
154
3672
3543
3994
7397
1842
2156
3480
8944
3678
7971
4240
4568
2812
1881
4105
2696
7070
3985
1017
6347
898
2433
4183
1874
5926
830
207
5648
4245
1753
7025
6765
8702
630
5147
2295
4180
6782
4650
3792
3709
5332
3767
3999
7636
1064
876
595
1781
1591
6476
3019
7735
2046
1749
6599
4444
6215
6130
5229
8777
4682
119
7859
6891
1856
7456
688
791
3843
6103
5935
7730
1034
5888
3039
4128
3226
1461
7331
3814
8390
7047
3646
5913
5047
4220
131
2309
428
4841
1140
1826
5114
46
6181
4394
6736
2495
7374
1270
8208
1286
1832
5528
5280
7321
4807
1884
6334
6101
3343
3292
1627
5759
3363
8250
4258
5384
5481
508
5322
7606
1806
6867
1527
2152
5354
7700
7213
8741
1966
5211
7496
1163
4700
7708
2819
4178
8305
6571
6575
2754
1041
4999
2809
8579
5994
5786
2721
1872
927
2686
5393
335
1107
5870
2447
2852
6693
888
8835
6673
2982
1926
1176
7356
1309
2413
5134
3005
5069
6857
6175
5036
5295
7611
8202
7278
1942
6908
2428
1911
8850
7235
2662
7260
5677
2515
2129
3388
6242
4189
8514
8906
6756
5008
7982
7022
4246
2317
1601
7429
7234
1556
6260
2586
2597
1388
2186
1991
8402
2762
3289
7908
6099
1534
7078
4402
5124
1509
6631
372
2909
8271
6137
8586
8669
4026
2571
2182
2884
2479
1590
2716
8563
369
3973
2561
6772
6254
5541
8281
3559
434
4037
7119
8290
1916
3216
6346
8408
4548
1295
6245
1746
2894
6502
2220
4794
4021
3744
7326
1892
6139
7124
3584
631
7817
4454
2865
6859
8648
6164
1803
8360
2276
3621
460
1958
515
4686
953
946
4764
3419
7377
2534
7403
2287
4546
442
4450
6362
5291
8175
8715
1121
7027
4831
407
3372
4731
4547
920
6501
7906
5319
8274
4884
3132
7380
3043
4484
1076
5925
7954
8685
5712
4685
7597
1019
5536
6548
5192
5754
8974
1368
5683
3643
6018
6148
4201
613
8945
8860
4800
942
716
8701
5427
2507
8725
510
3034
642
170
1597
2390
6020
8489
2967
957
2165
116
8362
6448
1951
4333
8189
7107
4442
5744
1544
1408
3436
2885
6624
2900
5169
221
28
7156
1777
8122
8553
699
5731
7437
574
239
5450
2702
4060
3687
3362
4170
8613
2002
4892
5606
4403
534
1715
6250
8019
416
4723
7215
2012
1829
5612
5632
2516
6140
5549
3605
2562
1779
4699
6399
8417
5638
8072
7418
7831
4706
5405
5989
7912
4631
8260
5858
7454
6311
5402
7736
6733
4993
4485
331
808
1448
285
4177
2822
2241
1725
5045
3304
8367
1495
366
2895
871
1201
861
7449
4987
4160
3067
4295
4904
2275
2857
5136
3509
8959
1468
6725
8272
2941
2862
5960
2219
5068
1336
6474
5456
7639
3054
3659
2973
7376
6514
2825
3009
8077
1625
2671
960
7347
5848
7037
6907
1116
2440
3636
7949
3449
7879
3853
6359
493
6292
2699
3064
2646
3382
8867
4142
1610
8957
8960
8313
4082
4681
8703
6083
8459
4336
1195
3360
6641
2733
3241
4121
4222
6968
2379
3848
7339
966
1735
7453
4895
8139
6802
1599
8581
2710
2898
1010
3309
939
6017
6025
7117
4153
2801
3069
7602
2850
1090
6244
5919
8382
2490
8089
1258
6048
5262
5998
4579
6240
1717
6987
2930
1683
5778
2557
51
7495
2761
7927
1498
1151
1792
2849
5272
1031
8366
5433
6831
6794
2882
6716
4982
5396
8981
1287
4012
899
7795
1863
5523
1744
304
7732
7241
2928
7364
3244
6076
75
444
8342
7655
2470
2750
14
4932
7060
2807
1175
1021
5480
3106
883
1868
2378
5101
3873
7206
5397
8445
1947
3017
1186
4569
7968
4833
7013
7243
7984
8713
4801
5835
712
1313
4035
5825
2050
358
147
6698
5775
1928
6731
7989
6310
571
4120
2418
1469
4396
1434
5507
3206
5375
2477
8676
618
1646
6818
3489
3801
6204
6692
7441
2506
376
6585
7016
2392
3846
7720
1939
8278
6330
7123
4376
7426
1923
6237
1648
5350
5502
4259
2653
1130
3931
63
1871
5242
7847
1673
6671
7798
3826
4407
7408
4079
932
4499
7336
3831
3079
1462
2113
5772
6007
3938
2727
7907
7266
4642
5676
7946
5853
1188
7803
623
8688
7604
6386
5766
4088
5761
7705
8523
7725
4550
5324
5596
8733
4908
4601
750
4562
3010
6905
4398
318
2329
1575
2353
7031
7348
7335
6489
7741
7846
5760
1623
4989
3209
982
6655
2705
5416
5991
6005
4983
8976
8398
6281
5834
3385
8065
6679
1150
232
2538
4269
7964
1511
6
1670
2709
5954
8869
1007
3503
5219
7605
1267
933
5626
5437
985
6925
160
8236
1626
2042
5110
1622
3614
5655
7220
7334
959
4129
8601
5435
1989
3911
6997
7771
7994
1698
4483
1528
3394
850
639
5388
3138
8575
7674
8710
8735
4323
2731
6957
2788
6176
3969
3989
7793
4503
7729
668
7253
8657
4829
7672
6206
3175
1253
8164
4025
2223
2726
4903
718
7049
2866
4302
1762
8672
1542
7163
599
1142
1255
7996
269
2343
4641
3070
7690
7244
4855
2457
5005
5126
4787
453
3258
27
258
3607
8950
6563
4080
3760
7958
4543
6406
3286
8853
5856
5822
5944
1814
8369
3634
8806
3854
313
2677
3707
283
6836
56
8052
6257
6586
7161
1354
4469
2183
479
2369
3934
4028
6800
516
2389
6205
2748
4609
6509
7190
2581
7480
6177
282
2086
3510
8872
7677
1899
3972
1244
4615
7141
404
3219
3052
6107
8246
4068
4486
2357
533
8409
4709
431
3996
2193
7196
3945
4411
3733
3422
4479
917
5831
5845
6748
7066
1837
1841
4497
7562
1023
3111
3713
8084
7223
8460
2474
1845
4717
7784
5339
7552
5614
4845
4603
2026
1177
334
151
8979
3293
1344
5120
8561
3192
6238
39
8894
864
4781
5577
5408
3764
2278
3588
3307
2000
8771
6256
546
6705
7502
4137
2901
5245
1631
7622
5465
2925
6326
7204
406
2855
5771
6180
2489
8636
54
8111
2501
7682
4327
3201
1
8719
682
1616
2038
2047
2799
7289
8321
8604
7246
5199
2401
7642
3580
5799
8609
38
5253
3183
5505
3763
6662
3273
4453
429
8284
6700
7159
6131
279
4740
5815
6602
6087
826
1147
8507
3264
4171
5802
8558
8897
4608
1106
1159
8107
5218
8550
5399
2384
3006
7186
149
5446
8465
8128
8793
6786
1755
6579
136
3051
6618
3297
8505
3003
6835
7985
2077
8456
4984
7475
1005
3806
2639
5607
3986
1553
6218
3066
593
8137
2169
2560
2301
4056
8479
4691
1428
1282
7923
5208
3912
8442
3020
7438
2791
8868
423
3473
6402
222
7401
8478
4104
6411
3281
5745
6644
2823
271
234
2065
6620
3774
1875
3564
2330
1443
5584
7386
397
6503
6263
2145
2690
8473
4000
4856
3403
5298
4200
6781
3593
3259
3965
1901
4513
1782
8073
5736
4627
2613
5973
186
3506
4969
6009
7581
1256
1936
2350
1748
5058
3513
3944
2674
4555
1191
5106
7870
4062
8198
6847
2521
1471
8857
7555
8048
1046
1370
659
102
7227
1161
2774
6677
1894
5680
8859
5959
5084
7131
8448
1380
1231
2870
3036
7242
7139
637
1375
7286
4951
5890
4326
1557
7779
8999
7503
3724
4387
4666
7167
6645
896
7120
6577
2687
215
3739
1721
6207
7570
3213
7726
1954
8050
6470
6888
5582
1804
725
8010
3520
7111
4754
5904
1345
4879
4953
4515
7490
5561
5357
1430
4592
7840
6551
1893
4814
3025
2252
5404
5496
6672
6234
8108
6380
8093
68
4145
4858
4206
1824
3022
3149
8647
4600
1024
5963
7826
3379
175
4455
7195
5864
1538
1259
1279
6984
3262
772
8594
6865
3299
2110
2212
1145
6287
1319
8424
2443
1784
6810
13
8335
1628
7593
5037
8675
2138
5663
8076
6178
2910
1433
8827
2453
6808
1689
5719
2891
1981
5581
1243
8066
4191
1367
7637
2128
7852
209
7539
8463
7821
3658
2224
2201
8721
8181
5494
8406
4307
1726
3496
7362
7742
857
8155
1179
1036
2993
6610
6355
2226
7094
2213
7040
8156
955
6798
8787
3476
6824
470
6129
5547
697
3314
560
7825
3560
711
6024
1878
3754
4133
1531
7210
5855
1060
5316
1692
4916
6142
3539
8498
7740
4599
6353
3841
926
5995
148
2948
4632
2269
2947
6569
223
6967
6052
1526
8615
3329
6562
4913
6283
5595
5194
4500
3454
2180
8753
3065
5566
4657
4325
5468
1690
2333
5829
1146
2794
5899
5082
461
3326
5202
822
8443
8327
8337
8115
3635
6815
6533
7306
2951
8568
8992
6642
1113
6216
6589
8358
5539
7177
4777
6812
1816
7530
6640
4168
5955
8232
7465
2230
6540
5672
6681
5920
7874
7529
4878
3287
5004
2701
7858
8239
2008
10
8300
6869
7451
8932
3756
6120
7136
6574
1758
8681
6398
7936
2204
800
402
2229
6521
378
703
8268
3815
8939
8611
8397
6410
5256
8534
1772
8295
4985
7980
6321
5659
4488
8357
1813
1848
3164
309
3
1780
3501
7057
3089
8610
3650
602
4423
1055
4630
2010
6680
5669
3974
7080
6078
3460
4270
3932
65
6711
5885
1876
3606
1022
4210
4229
34
7759
3477
8644
242
6468
5311
863
3865
6481
1219
4736
2435
377
400
41
2290
4392
240
692
2577
7313
7717
3407
7187
7712
1565
3015
5338
8102
2890
6508
768
3906
2062
7513
8697
2616
6220
2232
5482
7232
5361
4611
6214
3776
4372
5784
4867
8488
205
3074
2035
188
4652
3590
1169
5903
870
3318
4981
2351
1324
1703
8045
1446
1016
3698
4947
1407
4875
3114
4095
2768
969
2131
7081
2036
4553
3290
295
7607
2068
3254
8961
8157
4230
1452
1347
7979
2914
5367
4310
6063
6547
4427
4549
4038
8904
5077
4778
7715
8617
1636
5447
2706
3199
1818
7810
2631
5150
7127
5816
169
5569
2027
4911
3901
8539
7087
6414
8261
2423
1888
1372
651
1823
3571
7288
1641
6747
1118
6440
135
5268
7225
5240
755
440
4083
3947
7360
4505
2718
5637
5691
924
1331
4713
606
5183
8515
126
559
2001
812
1223
2986
6775
2542
6856
7345
4705
104
5485
7076
202
64
8512
8201
4690
5428
981
7646
6209
4702
3686
4132
5476
6488
243
2143
4110
2215
5511
385
180
8055
8666
5244
6556
3778
8758
7697
2141
6837
936
5726
1119
3847
425
5796
1327
1127
3195
4672
3205
648
4378
3820
3469
1555
1786
4345
941
5286
906
2661
360
3049
2370
8083
7573
7541
5600
8279
3340
597
6451
1491
8094
514
4144
6296
5096
6492
3380
1969
774
979
7265
7583
5395
3418
3252
8085
7477
6336
1329
3786
3232
7458
8508
7808
3455
8875
7134
8529
2529
3783
88
6064
817
324
862
833
6221
5353
795
1855
7327
8845
4762
1266
962
1406
3351
8209
3522
8582
3691
323
8062
1836
6066
993
6459
910
3609
8223
2897
2305
4331
3527
531
3656
4651
3357
2236
6963
6778
5810
6439
5704
3229
7812
2871
6121
6203
4575
6591
4290
6914
1849
6021
1847
1285
7461
2712
197
1581
7685
2360
8661
6515
2514
5065
91
8027
268
6534
1724
2576
1594
4498
5306
7952
5701
4782
4815
736
2859
4648
6187
230
7834
7208
7302
3880
1228
1550
8273
4332
5264
713
5908
1858
702
4727
7053
8161
311
7941
55
7481
2260
7385
5892
8716
7997
6504
5489
8016
6143
5026
2784
3107
4148
5013
1325
2640
3942
3424
622
3256
3377
8293
3499
8525
237
7965
948
5534
7219
8631
5717
4019
5305
1248
1342
5400
5819
4950
3728
4998
7274
7885
6663
6499
4931
4182
484
1072
4006
8151
5495
6757
7797
2743
7073
2620
5886
2978
6959
4636
2633
6274
1237
1187
625
5949
7097
3639
8100
150
6788
7709
5869
5617
4654
8953
6811
3842
2465
3997
3951
7043
4580
2808
5942
7549
6194
1743
273
5628
4337
5875
1153
8140
2685
381
743
8020
6930
3430
4844
705
8967
8943
8229
7561
463
8920
6198
1647
8537
2270
7814
6713
6449
825
747
1251
5773
60
680
5790
6742
7098
3648
2266
1083
2227
4074
6595
4964
1867
2071
6926
2627
8652
8088
5889
7748
8825
3221
2382
1079
3303
2057
3118
1919
5479
3508
2130
7829
7010
4921
6193
8599
1431
6809
837
8349
6401
3214
2267
992
4236
3350
3937
4665
4508
1033
3894
3301
3050
6341
386
3538
7626
4472
7396
415
5299
3696
2580
5067
983
1294
6467
459
8233
315
6212
388
4934
3078
93
284
7928
3857
6199
1392
577
6946
5472
2813
4519
7423
8927
6588
5689
4167
8447
2292
904
5165
8958
3361
6993
4305
572
8830
831
2829
678
4225
5394
3283
1953
2917
2945
1138
3669
8772
5738
3592
2067
4251
8238
7811
8977
8656
6391
3166
2570
4511
1216
307
1405
6973
8192
30
4186
5788
7118
2185
62
1102
5709
4304
7991
3425
8291
3046
7710
103
2936
8791
6042
954
6423
4020
6861
6889
6243
6432
7384
4030
3355
6686
7393
6147
4334
526
5868
8802
2189
3434
3086
2311
3339
1051
2176
6881
2913
4278
7460
8059
859
8909
4009
8542
4684
7472
1240
1924
7062
2606
44
7006
3354
4
5484
4205
3524
4589
4415
3055
908
4990
2299
1308
8425
2420
3891
8385
1426
4997
6104
2939
59
4234
7054
7229
6365
6019
8633
4564
8125
8893
2635
6834
6621
4272
111
7969
5028
612
8182
1277
575
681
3927
3390
6625
2210
123
1809
7752
8814
7900
6284
968
7178
2657
8769
7373
7940
6358
2302
5121
3511
6297
2734
4441
5552
6564
7459
5355
134
6032
3779
5203
7924
4696
4843
2598
2572
8095
3467
7406
5968
603
424
8616
5703
8680
8006
361
4102
5021
529
4528
2340
7154
3103
4938
2177
8809
8057
6871
5867
5411
6762
4143
5914
6791
7789
7182
2906
3651
2163
1606
6785
3358
6513
2591
2480
2442
1292
2441
2234
287
4383
7600
4812
3962
8922
8574
3839
8455
5294
5325
6581
2043
656
8538
7001
8426
2656
6777
4401
4638
5922
5125
1962
1398
4108
1071
5538
6436
5184
2125
3955
48
3498
5633
1250
7430
6491
548
2314
3130
2722
5277
2881
5743
3552
3576
7722
8986
5708
7658
1973
686
6600
4857
7663
2255
6880
7598
7432
8081
5615
2886
5849
5288
590
802
1706
6124
7444
3288
3112
2887
5939
875
8234
8807
6995
3248
6649
5233
5141
1940
5372
3090
6441
1955
8689
8472
6522
2162
2828
8381
1220
1069
7324
8446
1802
6982
7786
3174
937
7325
4703
8794
6306
6969
5406
7142
2786
1886
7809
6004
4538
8334
5863
3087
4196
5571
6544
294
5516
8310
3439
1210
5741
730
4917
6792
5111
3519
4024
7883
8415
6255
3440
8070
6229
1412
7773
4573
6771
8467
1840
6043
5493
1479
5844
1472
8940
1584
5755
7024
3840
7799
3076
556
3772
3014
4737
2744
4064
3665
2410
2233
4768
3879
5572
6040
8011
6172
7257
3185
7063
6699
4530
8838
8775
6992
7983
872
3119
6996
5340
1651
1278
1155
1018
5862
8200
5932
938
1170
257
2244
7653
601
8918
4952
2063
8322
3421
7619
621
6729
4819
1209
5675
2777
2528
4339
265
3743
4007
1513
4675
4425
5236
5213
5100
112
3719
6127
7591
8709
860
6606
952
5578
7595
8983
3747
8921
4554
8296
7079
7527
579
8265
3472
1602
1543
7494
25
8075
2003
22
4840
3027
5918
8841
8650
6555
1603
2974
8153
3373
5828
4537
6195
2798
7516
1213
5658
8012
2335
1621
4059
8210
3512
6988
7841
2602
245
3438
5737
8451
7844
2076
754
6309
4241
5297
83
6357
1377
1409
8256
1049
567
6697
3485
6553
5611
5880
3371
8285
8316
278
918
401
7916
7939
3946
5687
4098
2404
7929
6730
8391
2059
4830
6227
549
2085
5714
2009
1030
7247
8309
5965
5486
2790
357
6278
6404
628
4052
8380
5812
6061
3280
8545
8338
7594
5574
4016
7398
2652
5130
5895
495
1857
2931
569
1822
1183
3236
8612
11
873
663
3468
8882
5948
5046
4649
2248
8948
6273
7340
7833
7835
5748
6247
2498
7842
3411
2544
2658
8847
7818
2681
52
4613
1273
8277
2796
6093
2462
2675
16
1978
4433
45
3194
6519
3546
8021
2209
6183
2456
6703
7601
4487
5
1218
3558
6226
605
7030
3534
450
4673
8569
2904
1466
7392
3535
929
1530
2980
8668
3088
8248
4434
4252
7957
769
8834
498
1993
5041
6299
5088
4373
6940
1524
849
6091
1394
267
8264
1653
930
3661
8405
343
7390
1879
7447
1376
6023
7191
7216
5185
3184
3917
8531
8877
8031
6497
4013
7489
2467
6870
6970
2488
7231
611
8086
5897
551
3741
4384
8543
5351
4949
5987
3711
2089
5769
2119
2723
3336
1164
8297
2362
4621
2341
6367
4767
7843
2535
1320
8566
1608
6648
4897
7610
3708
7641
6373
3120
1561
7694
7782
7933
6494
3104
5705
500
3694
8588
5622
5832
1771
4634
986
8851
8165
7802
5093
8195
7248
6746
8627
848
3941
2349
2643
8015
1056
8450
3677
3622
5300
5328
914
3404
7264
1592
1104
6111
7378
6690
5153
3031
3189
1937
469
511
1387
7800
4123
5168
3670
8591
827
7414
5440
7004
8501
7546
5519
2713
1047
4877
7986
8930
153
8042
7890
5588
8377
6864
591
7836
2899
7228
943
40
4991
1173
143
2294
5425
5364
4358
880
4122
3518
2397
4061
4419
5137
7201
1883
3470
8879
2844
3619
5803
1906
2846
8630
2171
3040
1887
2905
7033
4424
3345
3072
643
1805
2388
5527
2964
2672
2854
3866
2022
4988
2411
1343
2517
4824
4733
1061
6132
2471
1473
8492
6804
4393
3141
8414
5688
3028
3585
4010
3484
2694
5520
792
4659
2198
3537
1206
1449
6712
7086
8466
793
8480
478
8935
7263
3892
3459
410
2888
3550
5579
535
5118
609
4237
5610
2194
563
3881
7143
2583
6706
0
5033
5032
2207
1340
1521
6615
7188
3797
5436
1413
1361
7621
185
6157
4112
4264
6657
2261
3330
3637
5690
6125
6552
8308
6906
8427
5783
1457
462
6372
644
600
867
1067
1263
6507
7973
6844
8752
6813
7015
7483
7975
1984
3255
7157
5123
5728
2573
5800
5795
3249
2250
4463
6939
4986
858
8395
7017
2481
2408
3579
6196
566
1001
2319
8392
4660
3570
3869
1800
2434
632
7330
1503
4761
2728
4593
2860
4221
8002
3525
3261
5821
6431
4561
84
7428
707
1929
5521
3900
5732
4440
5517
530
522
3633
2117
6086
5664
5953
7251
8458
3505
352
7962
3150
5173
4243
8422
1423
6592
4297
3554
7039
8978
3502
7893
3245
7586
4014
3408
8212
8905
5247
8307
2782
4267
2358
2099
7203
4637
8130
12
7776
3845
4067
1515
7678
3494
2407
1410
1075
3617
5189
5378
6845
2817
8230
5107
3915
4786
8714
437
2051
7625
4452
790
7425
8384
995
741
288
5159
3148
7205
3771
1579
6846
7654
7813
6377
2153
2484
218
4227
4559
7703
4598
7181
3998
7135
8798
430
1085
6760
8928
6122
839
3327
915
570
8245
5548
5685
2617
4109
6685
2468
3918
4846
4863
8789
806
5224
7987
8174
2306
7756
2595
4865
2464
1620
7686
3007
2196
964
5530
3464
2412
8257
4753
5589
1215
5226
4674
6924
3856
7855
3990
1245
7498
5619
8576
4623
1569
2405
2460
297
220
1249
8444
6225
5251
2853
5562
5379
5279
418
3227
4577
2383
5884
217
7114
6783
7680
137
722
2320
6542
4235
7995
5621
4785
4540
5781
6543
7026
8106
8124
6531
5594
1035
2478
3777
5874
195
3761
8663
7534
8216
8477
2103
7970
2977
7588
2021
7543
7434
2184
8184
7116
1180
2174
4522
1131
7018
2381
7627
3045
6112
8665
4023
2202
5964
4937
8732
1006
8923
2181
7687
6720
7866
7140
2942
210
2166
4044
6333
5900
8461
2208
3500
2579
7436
7038
836
6420
3742
6953
8482
7894
132
8878
4351
4354
5838
2265
2037
1475
507
464
2629
8623
226
47
4614
1261
8410
4532
6978
3685
6715
3474
2014
7412
8655
2834
6165
2315
8495
538
8641
2781
661
6361
6366
1941
503
8864
157
2660
2090
5112
5333
7237
7666
2766
6001
1156
5062
5344
8712
710
7540
3540
8765
8952
5657
4169
935
3300
3240
5227
3312
776
5780
7488
7902
757
5079
5722
3811
1148
3577
8132
1934
4766
6938
2424
8149
3851
7379
1798
5839
339
3271
2820
4055
2957
6929
892
5341
3718
7531
7878
420
4974
7476
3217
7545
3833
8204
5586
96
6583
1630
8766
8811
8491
8263
2218
6072
759
241
5414
8774
693
3844
3133
7091
4260
1369
5879
3780
7312
1464
6594
6356
5198
3574
8323
233
8849
329
3789
592
5335
6651
2
3910
3113
8298
4106
5260
7978
3210
4663
2258
8519
6085
506
6239
17
8147
5214
3492
3099
167
138
7314
4223
3160
6894
2600
6873
2816
4859
4886
7765
4996
3555
6444
3110
811
1676
6958
4075
8744
7103
2429
5301
351
3397
5061
4956
8885
8159
4926
5023
3566
5049
8068
1540
6739
8812
264
8004
2959
2673
3642
6038
1143
1720
4850
1496
8823
4849
1353
7271
3536
5466
26
6280
6258
5221
1262
5415
3456
1578
4163
767
2074
5401
3929
7538
3958
8622
4275
564
8180
1185
8167
2556
3645
2610
6511
7255
1149
6947
5225
1467
5873
1548
2058
2830
8436
3423
5570
5191
3168
6567
117
779
8540
8187
3324
6473
7749
8437
7764
3038
1574
5937
6425
3117
8396
6937
777
3429
2432
8844
8215
3294
4175
6337
1004
3705
4808
6047
5346
4716
1931
8394
723
2136
4239
300
7537
5768
5951
4131
8453
5629
3176
1775
2056
5645
998
7854
2449
3716
6383
5593
733
4047
171
3191
6456
2199
6710
1986
7333
6903
4370
3995
944
2486
7849
7284
2912
996
4385
2400
7407
8038
5782
322
5692
7896
5962
5555
8347
4350
2083
6320
3443
6884
347
8785
582
1435
3526
8029
6480
8428
4791
3463
6412
6109
8718
5115
1211
2785
4975
2642
2815
5851
7464
69
1588
931
5018
501
8946
6429
5559
3250
3530
8749
4749
3765
7065
1745
4874
673
5697
2509
6683
3730
2281
276
5052
3902
2312
5249
6055
274
2106
6450
1476
1290
3417
5151
1896
317
6408
6611
6684
3331
2944
6427
6376
6737
3044
5270
4130
8304
7217
6002
2612
5940
5129
2802
8343
7565
5043
4712
8803
4050
7442
6822
4526
4906
1759
6688
2523
3569
4071
3553
1638
7523
6384
3822
6965
3745
8324
8521
8737
3270
4756
8500
1115
8120
6981
8356
1952
2064
709
496
1980
4322
6041
701
1165
6878
2242
2132
5090
905
4242
3802
5074
1547
1238
1026
890
7769
489
6289
5510
359
6902
7023
4707
2971
6417
8116
6014
8801
158
6169
8399
748
3230
5080
8388
8522
3769
272
4043
5166
8071
7129
2483
4773
4653
4284
8907
5635
4176
1890
2472
550
8331
5891
4509
2124
895
6483
4954
3935
8292
810
3002
2395
3276
6385
36
2263
100
8546
8471
8795
398
6435
3095
5860
4708
2995
6033
4161
5087
7179
1378
4576
819
1633
6545
3310
6035
379
8896
1012
4173
1312
3143
6173
5154
7504
6053
8784
443
2352
2339
6549
537
1731
6068
1680
1747
2625
1171
4329
1517
3981
238
7585
4835
8168
8800
3788
3140
8214
7937
4695
2832
3384
5823
3674
2541
3984
5445
789
5273
6437
1366
7202
2079
2431
4085
3102
8269
7165
8585
4400
4676
6197
5030
4959
1445
2500
2773
7359
8030
4711
8023
8560
8598
5383
3083
1736
4193
1568
4371
4443
2545
1959
679
5212
8767
7144
7845
5057
4136
3907
7649
6343
657
1696
2363
1618
4751
5575
2045
7934
8252
1708
7777
1133
5696
8143
4963
6381
2650
8951
4560
7888
8104
7088
8643
3930
6291
4495
7956
5564
1128
2575
345
6842
1945
3905
6248
5019
5359
614
7173
2372
1190
2190
5498
3793
4461
3127
8975
907
6186
109
561
745
236
5532
8914
7008
756
6590
8074
1961
7577
8742
2720
1545
8364
130
1322
1539
3563
6303
4620
7468
1965
7681
6999
5370
786
4027
2879
3295
6445
8745
1718
3680
7249
674
3483
842
7310
1110
6171
5751
585
4374
7676
7806
4563
3970
5774
491
3575
4866
6979
6862
5950
4364
2590
1788
3487
638
3753
7421
2950
2549
976
1098
8199
7492
6619
7745
5936
4533
3325
1252
1114
2991
2578
8114
2531
4199
6123
5269
8517
2097
2158
7509
7830
2321
1139
1204
1318
7899
6095
2717
715
7963
7095
5318
7974
7211
2325
3108
5116
187
7943
7259
2080
544
4437
620
6829
4602
2876
452
824
8884
6801
1304
4405
7305
1154
2297
6669
6841
159
1891
1640
6989
2303
4743
4556
8842
6028
6661
6146
2326
3823
2922
2374
6659
1437
4397
436
6421
3673
5422
2730
8486
79
2659
405
6496
518
1093
2375
2757
1384
521
4698
3122
573
4460
8700
2739
3746
8996
4992
4289
3516
6039
8105
5952
2793
2211
2806
8892
1861
3876
403
691
5713
7382
3348
8535
7918
6387
3773
8497
2979
634
3042
1851
8704
5117
2998
5503
5206
5550
784
5992
4389
6487
5540
2399
6174
5161
4823
1224
4089
1160
468
5290
6375
6770
3859
7420
3599
801
5836
7365
2753
5592
2605
8487
922
3849
8117
6102
4909
4958
5431
4388
2800
4157
8511
1123
3835
7512
7743
5490
3644
3682
4099
3387
4701
5698
4693
3047
6537
3386
1439
1562
1477
8361
4655
1429
3943
950
4662
6045
1501
321
8677
1944
3589
7296
4732
6027
2504
194
6704
1084
2144
1510
5545
4435
2555
476
6605
6805
456
6539
5525
5661
4429
1451
8562
8173
1859
363
422
4521
7493
1506
4018
2084
8049
1974
8942
921
2992
6252
8301
80
8454
5012
1172
3601
4369
1850
1624
7189
5608
8013
1895
6597
6828
6128
3830
6325
348
5362
5196
6832
7891
3335
3925
4942
8375
2436
902
4410
7794
6394
105
6972
6900
6580
4291
2965
3860
8567
4445
4900
6396
5702
4134
805
5391
5201
2231
2502
6853
2863
7514
2804
8421
2513
4775
6479
5933
3800
2448
454
8970
3347
2437
7665
8033
2344
6057
8499
2274
4585
7629
6003
8218
5857
5865
7920
7413
558
3827
6471
2569
7644
1099
6364
2963
1831
4421
6952
3567
6678
3406
4826
1032
8091
5727
5982
3819
5369
2192
2603
4406
4628
6866
6751
1081
8903
7151
2647
4962
2101
7435
3781
4399
6133
7544
7517
1334
2096
6152
78
2142
5978
4316
413
5798
988
3322
7942
6145
7074
4862
2831
2020
8051
1808
5724
676
1774
7055
7599
7146
984
7634
8843
2451
5347
433
7713
6161
3784
3333
4586
7294
3807
7041
6246
1834
7291
1182
8778
6609