5422
6267
6126
4362
2386
7083
6317
6747
10500
11954
9632
3680
5185
4737
11692
3674
8442
8352
8672
1168
3934
1513
10818
2980
1653
8013
4363
11073
7542
164
4719
2611
2960
8409
7535
10011
9738
2393
5351
4997
6718
11163
9220
458
1203
6586
5476
10181
8906
1983
10312
1610
10565
9610
2493
10642
1111
9183
7575
8231
2971
5338
3729
8624
3305
2609
11325
2696
3187
11103
4053
4748
8259
2456
4622
9534
2884
2403
7086
4697
2804
2674
3092
7866
291
7069
4011
8218
300
10157
9236
9951
10326
3837
6457
4994
9669
554
7906
5376
11454
1734
2336
9107
10607
9503
2511
7228
4505
564
5220
11264
796
3900
6788
4977
1697
475
11286
10742
2923
10207
117
9900
11619
8057
1054
793
2301
10070
2590
3261
3636
5505
7374
9927
8686
10783
9402
8666
2047
4881
10472
6556
4861
8143
9505
1677
8590
4024
8423
8994
11036
2673
5099
10086
1271
7349
3664
4150
10840
2778
11283
3597
4537
792
63
2293
8210
9579
11970
11837
2878
2193
9195
11255
9243
3531
5595
7695
3002
1556
1417
7055
6133
2517
4340
9244
5026
5409
3747
5619
9842
1547
9502
4023
244
7020
8131
4497
8804
2114
8045
663
4805
8234
2981
11995
7456
3121
1947
8478
5531
11155
979
3057
5740
5586
3128
5970
6730
9948
6673
3776
2183
10655
5517
11202
3497
10381
6948
9634
6451
1135
2568
841
9786
7994
1927
3957
5375
5164
8309
3594
9875
923
10023
11691
10517
6744
6085
2901
9844
4319
2641
8547
11168
3434
5263
5251
8823
3863
7703
10475
11134
11102
2567
7310
11847
4982
6096
11518
4392
6984
7847
8582
10125
3537
2733
130
3102
7818
4645
8198
5725
8517
4587
3942
7618
10380
2340
7974
5710
4961
1903
8505
8422
2463
8454
12
873
3561
539
10779
8643
10104
8053
7988
1102
11792
7051
3915
4055
7614
10514
1647
2421
3573
6705
11564
146
4252
7689
11799
1229
11135
9947
1002
1019
7156
4546
8946
4750
4548
9564
1487
8048
8956
4113
8606
698
4849
6868
560
9179
4992
6848
11855
6689
1304
7491
9005
9710
1703
6777
20
1899
9188
2414
8773
4462
1202
8384
11540
7843
8166
9685
6058
4680
618
5112
9378
3424
728
6001
2628
542
11666
9003
7929
3178
2372
9855
9194
10378
3281
902
5765
4696
8090
10948
9333
1581
11185
2584
11472
199
6135
5166
2939
5698
9012
8529
11429
11147
8551
1315
3887
10597
11558
7532
9115
8562
6115
10212
9626
5219
11446
1652
484
1966
1628
9471
7588
1024
3908
6890
7303
8196
5069
3470
4260
3959
6442
8783
9588
8155
5969
10457
10059
4463
6200
1573
8285
4764
5883
6716
1073
5576
4018
11704
3111
3197
10445
6986
4297
10898
11689
2196
2998
7657
4488
4882
1065
5199
4736
201
11252
26
4479
3232
8523
7637
5450
10526
3414
11130
2658
2582
7720
11626
3488
6391
5078
2811
5785
9221
11274
10349
465
152
4302
7215
9032
4544
5228
7573
10403
1776
5345
9597
1863
6075
9071
5152
11729
5093
794
1312
5492
7450
11823
419
11898
86
1210
8570
6256
1201
8343
6547
10081
4335
5633
11100
1967
7674
9052
4615
2141
4444
10956
9444
10160
3475
1775
9724
9193
85
6032
3530
9150
7952
6461
2276
2262
5732
5305
4931
1742
9856
10926
10467
1260
8537
5610
7687
1107
625
2489
10733
11084
3444
7080
1445
10599
5717
10592
4181
6862
6787
2442
7782
7698
5658
7301
4525
3511
8851
835
2886
9644
1561
1698
591
9992
568
10506
833
2089
3980
5091
7530
10895
1641
3125
599
5742
3515
413
3996
10594
11291
5880
2876
6065
4356
10704
11630
1372
7775
1428
4698
11728
11307
4195
5392
3382
7933
1507
2212
704
261
4387
5034
11781
5935
11993
6278
11311
7426
1584
745
2869
6459
2335
7224
7633
1264
7706
1323
6639
8269
1211
5100
11503
10169
1480
11455
2718
6544
7537
6309
7875
9603
10215
9789
5146
334
6448
1415
254
7407
10002
9177
1612
5920
1199
6594
1285
10835
2257
5680
11377
1634
6613
4893
4690
1128
10250
2561
4898
4323
9430
4289
7200
105
2528
5886
11300
10606
11488
6217
1457
7727
3423
9242
7910
2106
6483
8796
5706
4685
6449
11751
4295
5978
9394
8831
11897
6662
10276
1812
8286
9282
10812
8112
10496
5320
3873
3725
7907
38
9443
11934
2549
2502
2700
1606
5330
10029
11284
1766
8503
11506
3911
10936
7062
4292
3536
8790
10777
9256
834
8984
7915
9289
10710
5016
4103
11817
4590
904
8323
14
6107
11398
2642
9643
5720
601
8304
9872
8396
7352
4381
9212
1553
10697
1926
11854
11261
4942
2152
7234
1029
5604
7378
5352
8987
11104
4306
9983
3389
1589
1039
10622
550
7749
3922
9072
8188
6921
7721
9406
2928
4352
11288
10775
6710
1622
3029
5510
2965
8772
4918
9132
8986
8095
2830
658
5035
10547
1762
7022
6816
11096
350
5810
1829
2244
8292
7370
7562
10248
7021
9677
10329
8383
7525
8217
3287
2743
8924
10662
2737
8951
483
9915
11686
1838
7137
8832
6792
4732
8118
7019
8082
5052
671
5090
825
7869
7622
9552
6289
11795
6078
8962
2580
5615
5107
11946
10751
8811
3831
1809
1542
5083
2651
9633
7607
5377
1490
10703
2008
6016
9612
10289
6066
11832
10338
7171
8110
7515
8739
5951
3981
10415
8655
9905
5559
11080
9687
6677
6626
11739
5565
405
7185
446
4469
8358
11968
11344
2644
3380
9682
8427
4475
6756
8328
1096
477
8473
11268
652
6059
6671
4204
11544
7236
6990
1246
6957
5842
2678
6212
10398
9020
7056
1621
5746
2123
3019
6911
4472
9617
5967
10737
2937
6857
7783
10746
9898
321
11645
3770
8607
2881
11876
6158
10706
7560
775
5349
6226
8859
9690
11905
3745
4983
5549
3251
5428
8878
1225
9863
9705
4042
127
9516
5336
738
9881
9412
8032
8317
8360
306
4714
5160
6039
3700
6904
2022
3683
1825
4923
5081
4403
2691
955
7697
8602
7598
4401
6632
7030
1909
2416
4378
11878
11581
10727
2938
5738
4609
3467
3479
912
5723
7339
10978
1177
4558
7719
880
1670
7381
9373
10960
6520
4296
1275
869
11192
4890
8660
2490
10584
3164
5884
8379
8874
10738
7499
6947
7474
7928
7455
1518
2209
3466
5558
9956
3572
6934
2133
327
10748
2147
10465
83
5788
10828
7712
5555
8676
5897
7158
3326
3420
4494
5075
245
5403
7208
6462
4751
11473
11328
7509
4173
4186
4551
6498
11378
8022
7108
4675
1756
6953
3157
2161
705
10512
7878
10576
7485
10277
4243
9213
8785
7316
1958
6813
11078
4209
8968
4703
5540
13
4730
6950
10111
5467
1868
2600
1723
102
8362
6712
3459
292
7118
1104
9167
7319
7806
2191
9631
952
8915
400
7333
6659
3891
4056
4316
5731
7778
7300
8827
6359
9706
10129
3169
3543
5474
7985
2592
3306
11383
11287
4554
885
11086
8173
3145
5760
3089
4299
2601
8614
3917
10787
5728
5974
186
10947
5205
9038
9422
9393
4919
9445
2589
1459
6700
3687
2155
1341
418
6779
9385
5021
436
6464
22
4483
4839
3829
383
9081
5067
7330
2032
11087
2006
6365
4577
4979
4427
7067
5216
10541
2271
1751
8690
11730
2321
5177
9171
1784
6713
9671
6831
8439
10062
1481
1850
1710
1818
9890
4803
3582
8197
2039
9625
9069
8471
1949
7683
10143
4344
11065
11517
4321
5267
9791
2814
3606
9557
1178
288
10932
4191
8111
4083
4749
4672
1579
9426
4206
6805
6444
8493
8180
6866
4022
3899
2040
5326
6666
5070
3670
2207
6244
6837
893
4630
3780
11456
3441
1256
7791
9233
8880
1514
8902
5940
2232
9783
1577
1982
3921
10909
9343
7667
9994
1126
3875
7100
1495
10351
11592
1233
2263
5981
9937
8764
11499
7269
7655
8895
340
634
1792
1444
8202
8248
4754
1032
5718
4128
4341
630
3429
2375
4025
7524
2536
4301
2406
150
1968
7201
7979
4691
5512
8225
485
8705
11775
688
11021
10816
3794
7389
11177
1616
2735
7294
3592
5975
7549
1875
5172
1777
2200
153
502
3994
9481
10636
8936
6531
6281
3148
5993
2045
11562
11098
10752
3447
296
5574
10884
11511
11892
5972
4744
5203
2723
2430
1951
9965
4795
9883
4440
1786
6479
1646
6047
677
10327
3938
11770
5894
11885
9037
11742
3856
9853
10006
6187
2888
4127
11406
1079
1700
4929
6804
586
2243
10505
9357
263
10069
4775
2451
6781
4285
7754
2705
9840
4784
182
7872
1511
8580
6202
8884
3133
2672
11660
3969
11754
3336
7464
398
10283
7876
159
107
9483
2333
8100
11382
2054
1991
10916
9134
9739
6247
6259
9218
9327
5066
9573
4259
42
9485
6463
2081
7992
9851
3974
10887
7297
5979
4161
6174
7345
2890
8207
1043
2325
6412
4100
10654
10252
1673
368
5485
7850
10221
10545
7388
4050
1209
11233
6071
11978
3654
8081
9335
2281
11875
5651
5964
137
5681
5151
1769
8747
7589
7466
11694
3007
2125
8137
6561
1041
5679
4689
8349
4867
9798
1626
9363
8370
145
8222
8943
784
3208
1359
5869
5079
10633
10630
5371
11016
11556
52
11756
10371
4932
9559
10644
8671
2094
7245
8513
6397
4842
4347
8235
11525
7430
346
6392
2514
3989
5446
2001
3094
4332
9310
5017
10443
8435
6582
4481
2920
11768
4770
10894
2649
9053
4465
3011
7628
3327
3978
6261
11893
2255
11909
8787
9990
10240
8612
3063
1910
4847
8754
10913
2137
9715
4063
10482
1889
2731
1743
213
1888
4383
9904
8411
9583
8957
10797
5486
953
8706
4286
7561
6625
9464
7341
9453
8721
1456
9544
10159
9535
2843
8710
10798
4599
4863
9046
11076
2460
6169
10548
2036
10199
2800
703
7196
5817
1293
9350
1957
9143
11114
1928
1158
4460
5252
10635
3422
2330
7986
385
6699
11306
7521
3564
2776
8468
7045
3669
8981
8040
2874
2849
10017
7089
9733
7567
1425
9384
4966
82
3870
5754
5962
4820
632
1171
1376
746
6321
6614
1931
8169
4066
7932
9122
3550
2046
3844
2701
7218
260
1515
6801
6682
3005
11883
11533
4433
7355
284
5843
10780
3698
6584
3378
7809
4282
2399
1793
6514
2474
3322
8516
514
232
5863
9542
2575
7411
10246
6675
1615
11422
6772
1943
11132
2534
4656
1140
8662
11447
11282
205
9780
10627
7242
7115
10471
2669
1371
4793
2783
10808
2729
6742
10428
11006
3452
4349
11508
9292
11800
184
10012
5955
4575
5784
2525
8876
8002
8346
11650
1448
1512
7412
950
6371
11646
8910
5
5015
7902
2577
6533
2099
7820
11541
10952
9620
10046
11992
9543
3916
903
4836
3516
3814
5873
3260
4859
8132
11584
7148
8881
8808
8685
7841
8967
9747
10337
10846
7325
10484
5174
9973
6290
7163
9070
5620
487
6105
8997
2650
2449
11777
401
9065
5537
11397
4200
5694
11852
5106
2976
10302
3352
6615
5924
11531
7502
1023
7322
2563
364
7281
5752
7112
9379
9392
6683
926
1637
3040
11105
541
2431
1522
7206
8019
7903
9160
10219
11375
8374
6020
5113
2842
8691
957
10688
4802
6009
11828
10101
4924
11609
2675
5953
8186
2870
3568
2435
4816
10241
6240
10838
6008
5393
6017
2632
11894
8826
10841
863
3519
3154
5640
2448
4257
10204
1781
814
1614
10621
1021
8391
4585
9358
2819
3408
8998
4366
11858
8942
170
4527
8229
11761
9923
4386
6853
5672
3961
1296
8170
2664
326
1527
7194
1572
9950
4147
2865
2219
8917
9007
6658
5322
6235
2077
1921
10483
4468
8597
5878
9879
11013
5250
5936
320
3189
7120
11289
7160
2102
8273
6727
8894
11625
1000
9452
6596
11121
11324
5697
5895
178
5366
6631
7195
8119
7732
1847
8964
6366
7340
1183
6729
2011
3410
4950
377
8361
807
2824
2494
10439
5624
3637
8519
10005
4870
6952
9604
8866
10217
563
3827
10680
7207
4679
8
1420
3809
7963
8540
11996
293
5503
8098
5156
11166
10915
11935
4410
4126
1937
508
1352
499
1075
10611
10227
10163
10354
9158
6299
8467
5385
4010
1914
11193
5419
10674
10990
7599
6383
8030
9513
3242
9964
10280
7467
6233
10957
10273
6312
432
6823
7863
8806
10817
4712
294
8873
4682
6203
4070
9083
9198
547
7556
7383
11327
10979
3677
15
7518
8434
11402
61
8872
10794
10814
7882
11209
1830
10694
3210
7489
9241
8357
1431
6222
9716
986
8300
1469
11667
11872
4179
1985
536
202
2230
5350
1744
11884
2749
5142
3205
6812
122
7729
2082
9045
2344
11074
3706
11500
10760
4954
5318
7422
9029
2176
710
10721
6488
30
10355
1976
1689
2588
7830
11628
8097
10158
2253
5440
8548
8257
4005
9165
3474
1963
10416
8243
7996
9801
4373
11026
3486
1136
9929
4073
2146
7536
2765
211
6796
3021
8023
7620
1971
4688
9961
8588
7103
5561
3520
7726
2727
7282
2880
3956
8401
2708
1950
10539
5588
1345
6800
10722
11430
4655
1454
8487
235
4975
7957
5616
4848
5590
1748
11987
10172
832
10112
10567
1733
5159
2227
798
8294
2510
3366
2557
11591
3529
11515
9210
11816
1447
5553
1114
851
6589
2471
3214
5910
7190
10764
5051
7864
10522
11526
7054
5889
620
5328
10344
4221
3200
956
1143
10316
8657
1598
4653
855
8760
11046
7264
2736
2334
5258
1216
9514
6026
3826
9639
9795
4701
3569
3465
3546
7584
39
3428
3575
6563
2206
1960
970
9403
10243
6252
1422
9623
10873
1334
1335
6351
10335
3743
5865
2
2218
3748
2535
57
2997
11133
4512
10877
8006
8692
7356
5483
3324
7251
2663
8109
9312
6076
2258
2516
6012
6609
4002
10031
1017
10191
10778
11831
736
8308
8103
5291
1969
8770
701
4972
9854
5278
9813
6591
9021
5925
11201
10095
2324
8521
917
3286
7546
1176
10266
2084
11696
7942
7335
2056
10681
2064
6213
11622
5434
674
11089
4079
5229
7675
8833
1585
11262
2119
9142
4846
10486
10321
304
11933
2622
8637
1137
755
3533
10531
7948
552
7922
1848
1680
1790
2298
5599
8129
9555
959
8730
1443
5436
4580
270
11439
9372
10379
1978
11354
11245
9676
10269
9187
6324
2826
4769
7661
4515
10389
10708
11732
224
2445
5148
4490
7362
6330
7128
8778
7305
1287
4663
7184
6898
10615
6007
9390
4117
4099
3224
6810
730
1347
8937
8977
2521
11468
1675
3258
10421
5284
1708
5903
7585
10454
4089
7583
8247
9636
6900
9719
8654
8096
3973
7520
10555
9906
2440
9746
9201
3450
3583
3388
8978
5937
5660
9267
5188
9314
580
7347
1981
9799
7617
6424
2662
7917
1190
1091
8183
3570
933
45
2699
10462
7602
9536
8160
11014
3990
96
7286
11148
7936
9742
3825
3330
11461
11648
2100
5653
7344
10264
6593
3353
5482
4715
3866
7248
2282
3022
9199
9211
2311
11719
4742
2138
11989
2113
9354
9549
3439
4600
2835
4318
8147
10367
10520
10333
3215
8156
8277
1866
6106
6998
8350
11188
2378
7658
2911
5316
4883
2424
4797
11962
8270
4085
7840
3727
2551
10503
790
11920
1715
1954
2041
2934
5275
4904
6
9662
3186
1240
3660
8151
609
1562
11463
7351
2097
8506
6743
7007
4174
11019
8763
535
5317
3377
7939
3485
810
8412
5870
11749
8094
3383
6880
8684
4033
9835
9517
362
8717
5708
494
4236
654
1194
2185
2423
2203
1575
2546
4255
6755
8929
7342
4595
4661
7394
4108
9351
7828
1822
3712
8372
6698
4791
1298
6646
1416
2259
11887
5846
9054
10641
4938
4399
4581
11986
2856
9000
10233
706
11045
3522
4091
8843
2763
752
5611
420
6878
11003
10290
11656
9945
1083
1783
8072
1760
4203
6999
5584
4151
11039
2204
1679
8835
10871
246
5809
9761
9186
2291
5171
7642
9302
9515
2216
8576
10580
7283
11824
881
8604
8044
924
3309
11606
2927
379
3059
2954
608
5919
7213
2667
6374
9979
6006
8592
3865
3084
5693
6829
11914
2921
6875
4454
479
11234
8365
10918
8069
7548
5372
6534
6340
1757
785
9495
6499
9656
913
5225
2917
2096
1771
6749
8583
7998
4777
3238
6087
6551
11384
7913
2652
7047
3129
10725
6926
10184
888
5563
3779
9153
6602
8318
4838
8122
11022
9941
2697
3862
8636
6895
10804
7255
8568
11273
7597
9255
9616
478
10458
4778
524
1368
5643
10834
3034
7566
11574
4707
2716
8887
8223
6452
3052
335
4657
7601
5125
10843
3340
4565
5053
7676
4000
7142
35
4761
4649
4457
64
1897
1361
5116
1787
7012
9280
4247
6802
3124
10193
10684
9745
4043
2608
4550
10225
9903
3661
6583
1152
6380
9055
6854
3132
6209
982
5749
10464
1307
7244
8124
7274
5088
9936
8663
1649
9252
349
1010
2777
10373
1467
783
4278
4129
5527
1975
2154
2347
6865
133
7856
5120
1290
6376
7096
8215
3359
3696
2093
7099
212
9697
4360
4265
3753
7571
7944
8888
7904
2902
3236
347
10254
1534
6431
6629
6198
9614
7608
1476
9807
4606
11480
8869
7552
11917
11594
9180
1659
6873
1282
1608
11595
10513
9349
11297
4965
9969
113
5580
3027
6762
5023
8673
3509
4943
10491
8386
3146
1922
4334
7920
10097
9887
8572
5105
174
6114
1869
9615
97
2645
7284
10770
3136
5851
1942
3278
672
2861
9988
1601
10903
9995
8908
2272
6231
4705
11481
3436
5973
8068
10057
280
8585
3357
2363
8631
1436
6150
8449
7482
10931
5825
9008
8264
7812
6745
421
11758
9815
11906
8140
4569
5769
1374
2031
4491
1346
4840
719
915
6119
2566
9891
6414
5605
8152
7788
7708
7098
7458
7277
1591
11010
2597
11567
8801
10934
4390
8598
2771
8445
8312
9821
10315
10360
2544
9425
1379
5774
10832
10945
6246
3679
941
11861
9341
7481
5926
4989
6548
7318
6886
11049
3593
10826
3367
8940
10610
8584
2296
2020
299
11041
7219
3141
9860
3099
8731
3035
163
3126
2942
8679
3463
140
3819
10563
4875
6914
7159
176
4772
6585
3308
2892
9347
10583
129
4470
4660
7978
1185
678
7131
10186
4382
3218
6390
7868
10901
11879
8037
1390
2559
3462
10550
8024
6501
627
614
2178
7893
2657
2295
2279
9429
4158
11425
10436
8553
8226
1004
6341
9782
8061
165
9628
439
4753
11400
7221
8507
373
5528
1116
2246
10275
8413
4201
6616
6860
10286
1170
5406
11940
6726
11534
1618
4980
6228
1607
3267
11611
3048
2841
8376
8656
4790
4225
3079
4358
5249
5997
21
4194
231
11706
9723
7641
6684
2481
11462
6828
3627
3881
10977
2972
9027
132
1666
7338
872
9117
3397
2784
2905
3988
867
8182
1988
10772
8220
218
6386
2370
8713
3045
911
10314
9290
1713
10646
1214
11502
6110
5891
11275
9602
8242
5319
6185
6496
10249
8751
6473
6182
3946
5523
4118
11535
103
8184
8688
1685
9504
10495
6130
3095
4807
1133
4244
11293
6966
8256
9448
10139
9674
2987
2817
2166
444
2914
10480
10953
9342
4445
183
5509
7769
11838
2499
2002
2552
7167
389
2268
3621
11458
7747
9984
9933
1656
4189
6094
5623
9300
8822
8008
11438
10115
9530
11489
10375
5266
5455
7557
3206
5059
7656
1915
8500
10134
9624
6649
2425
4687
8205
2105
3709
2508
9092
8591
10044
10893
11123
8262
6415
5212
492
3855
5600
7805
11336
4093
838
1668
7780
11426
4601
6418
1266
3418
6423
3176
5852
4288
1338
5814
6060
10836
566
197
4062
2145
11849
4926
6014
11070
5667
9311
1916
11510
5913
7276
5293
3480
8299
6440
11373
11649
4140
3692
1242
8616
7770
7490
10844
4242
9845
10384
3920
1031
8089
11783
1750
5966
4693
4627
7612
8766
4720
692
10033
5927
5187
3830
3502
8771
3343
6527
6218
8472
6149
2952
2838
3958
1076
1539
2802
43
966
5821
6293
8244
6468
6959
7153
5876
10516
11753
5808
2877
5234
5281
9768
1540
2695
4746
241
10300
4704
9753
11379
8846
7133
4702
11633
474
10170
11359
8565
1564
10657
5346
5933
3161
11025
215
1908
10256
1215
9257
1040
1236
7311
5805
1987
11315
11973
3060
3600
3910
8136
8238
5877
3392
11835
4529
2660
3241
2555
6437
8432
10093
1835
8452
1056
10183
1725
7364
1462
5154
10519
10222
7278
1343
9968
4549
10309
6507
8613
11952
4354
9061
1118
2789
2753
3715
4071
4008
7298
1693
10988
10552
11226
5414
6155
4986
4061
7249
1755
8980
11932
9910
1482
9248
9284
10008
4249
2342
9411
1592
11156
5302
3836
10013
10063
6982
5232
10582
4202
5085
2666
6867
9847
9630
1979
5453
10281
2374
5797
2223
5313
7260
3884
8339
5502
11568
4361
4921
6419
8076
7385
11789
5853
9642
7934
9928
7091
689
1544
8012
5856
605
2509
6332
2583
9182
6102
8253
602
10842
5399
5638
1902
7832
11661
8144
210
1980
273
6038
2419
2304
4138
504
777
5688
9777
8399
2028
11279
1086
3675
4579
10718
11720
3344
5589
2860
4357
7578
10406
11547
3331
7570
6761
1218
4828
8698
7313
2854
1297
7968
7625
584
4973
9203
1857
1636
4608
3333
9118
9459
3649
3793
6970
114
11343
7417
11523
4031
1805
749
156
7545
3798
7857
8549
7328
660
2812
6841
6353
6553
10998
3296
225
3523
7231
2144
9449
6572
11697
6142
10671
2809
11907
2994
7060
7095
6500
72
6570
10994
8444
11229
7227
1699
9209
800
7900
4269
10257
9261
11034
7714
565
7837
2532
10102
2889
6822
891
10574
4190
9264
4957
5666
3505
3369
6599
51
9460
10575
951
8060
10815
7511
11512
907
6068
4671
3482
5695
7867
9680
5145
11164
1478
1119
6983
7662
4967
10676
1526
123
10508
5543
3694
1308
10523
11927
3647
3993
10524
1389
650
10747
2655
2400
5303
5288
7731
3645
1735
8594
8768
11189
11784
5155
4146
3767
1139
6031
7343
5654
10501
5705
11040
47
3625
8102
10625
2086
7582
858
6504
6161
5560
11272
8539
8639
8335
10020
2627
8647
9566
466
4110
7576
732
3528
2391
11381
8026
5033
10773
9094
5221
6958
10303
9074
2254
6175
5297
2208
8719
11559
5766
5147
6836
3539
1491
11401
8073
696
8077
9752
9086
6037
6251
4241
2732
576
7010
6028
1400
9522
6199
180
9043
6482
9164
6104
1779
8272
1421
7371
10666
11797
4978
9022
2823
10852
8145
4197
4583
10343
3168
3940
8480
4371
11693
8995
10282
8276
8408
4183
5508
8838
8163
4865
786
7211
1842
10963
522
5179
6454
11682
4164
6456
1930
3280
526
5776
7038
6357
5472
4650
3069
5983
3975
11002
9237
6287
7451
1886
3859
1363
1097
9319
2415
4951
1808
11390
9271
4246
7257
11714
7280
7246
3249
8251
11227
10946
2337
10784
10162
2661
4428
9922
5759
10889
9888
11356
7432
7512
8775
9911
10911
1706
5348
2071
3848
2339
7819
10699
3697
9529
7174
8420
8213
6832
8762
6099
6920
1292
7908
6389
11214
7152
407
3737
818
2639
5098
4130
8067
4443
6183
4576
2872
3893
8786
3936
7165
1681
6230
528
6296
9689
4075
2790
2075
8601
2306
5915
10578
3565
6909
3234
1996
3846
668
6180
3046
230
11181
9087
7409
7212
2990
8920
1100
5855
3199
6184
9650
6486
5831
6266
4133
11702
11366
9743
1022
8424
1730
8530
4963
7874
6172
7543
5849
11285
1846
11484
6668
8556
11393
11961
9239
3810
7205
9794
8720
4757
501
6151
3965
10973
1692
2969
6791
6237
11922
8674
764
7377
5501
2107
1559
5819
3036
10394
7529
1509
7309
11441
1661
3567
9227
2409
4976
6871
4889
11928
1458
8088
2612
1497
1087
11671
8926
9909
3886
4044
603
11839
10551
5519
10247
11475
5656
11859
1434
3440
854
100
8228
583
11094
10806
6322
7395
2013
6282
6465
8005
3152
2487
8221
2558
9578
1078
6030
8135
4106
3043
7379
9524
10347
3738
7018
8991
10045
7058
6492
11099
3090
9361
2289
1404
4969
7484
9974
6052
5243
10364
10077
11565
3791
7603
3818
4309
11825
5748
2462
7604
7071
75
8569
8742
9708
9219
4487
11217
2432
5111
5575
10564
1528
7239
4272
10278
9389
4473
7270
4311
4834
11363
10228
9816
5647
10585
9428
9002
4501
3198
3257
10983
2791
1660
8200
2292
1709
5477
5702
11247
8302
2231
11329
9848
11807
5036
10741
8351
1350
11491
9582
569
7666
9263
2117
10865
11700
8603
10833
8593
10213
5200
876
272
1291
8812
9433
7772
2122
9712
9197
6164
11113
9035
374
302
1365
7428
9487
2012
6834
5055
142
5397
6369
3425
9095
7681
8146
11899
2833
10763
6766
549
8703
8392
6869
890
4258
1705
2775
2785
9894
9274
10881
5488
11158
7745
6949
4016
8375
6651
305
8279
3933
822
10188
4851
8464
4277
3416
592
11299
3635
5734
1772
4364
596
615
11195
491
2443
193
6621
7953
4283
10930
3547
8651
2957
2801
3518
11396
1632
7854
7041
7057
3230
8177
1765
5215
2063
5420
7036
972
11301
4542
11880
3044
11981
10683
5046
8451
1115
11684
4266
2623
148
1691
6276
298
243
6902
3003
7470
10100
11248
2129
8185
6313
5491
7798
6587
11448
1217
7899
10904
4326
7574
11342
4199
4452
5956
10693
1213
4207
7064
3796
11290
3108
10549
74
7891
9967
1245
7032
8150
8944
11764
2058
3797
437
7061
4052
1563
3650
4273
585
544
4020
6314
3955
7975
4641
11755
6892
7581
8973
11669
2210
6929
6817
802
7390
11055
613
5280
3556
6342
2912
10206
10860
2792
6083
6232
6493
3672
5073
1348
4217
11864
7898
4015
9465
2264
5272
10546
7871
37
4422
5943
3284
10353
6647
9056
10975
10991
248
4139
5511
5775
7097
920
823
2633
10366
4844
10103
10629
281
115
11145
5989
9943
3339
6933
8254
10698
11167
9618
9217
7717
7716
10083
131
8306
651
2060
8426
10180
6458
8864
6470
6427
9993
9318
10532
4057
4156
774
10715
8189
7304
2478
2175
2513
11874
1084
10118
8776
8952
10613
8756
5019
3750
7623
11782
3613
10685
8195
10848
11205
8116
1974
7357
6989
1510
8963
10782
7002
10190
6422
2422
11830
2477
9818
1053
10528
6255
7829
5787
2025
1241
46
6300
1529
1179
5921
8377
2361
5314
5701
3620
8899
10009
11107
179
6541
6523
2488
4594
9773
7403
5344
6019
2169
8777
1089
10534
5427
7413
9770
9478
1235
10771
3086
2248
9827
3667
6725
11873
7977
9962
9297
623
9908
3548
4369
8644
4346
9137
11335
570
10038
2961
4216
6783
5860
11004
9288
2909
6660
11213
495
6861
3558
11505
7632
2072
309
3927
1729
2280
540
6254
1548
318
8999
109
2717
1068
8848
4739
7314
7790
471
3676
8108
11442
11563
2050
1530
8167
3274
11210
3883
1145
3173
6171
11088
6987
9301
617
5582
1398
11715
4774
3504
7113
147
2402
2367
3109
2408
2095
222
10149
4993
11604
5298
3987
11895
457
2454
3880
6064
5779
11771
11818
1261
4485
4940
7753
2157
2452
3912
3294
8746
2256
3080
11637
879
7046
3526
7410
331
10196
5566
10661
242
3254
11410
4885
1353
3062
582
11590
11260
11936
11126
7884
2636
11365
1546
8736
10036
381
5412
1289
4766
8038
9272
1570
4933
8615
8789
9436
9431
7987
8996
7199
3468
8446
11793
11059
3266
509
6471
9470
9593
5998
3004
905
10470
10658
2539
9867
9309
4788
11304
2932
5226
8280
7472
3008
8433
3149
3878
2621
10620
11313
5170
4781
577
2188
1011
11727
5780
10285
9458
1738
1191
9869
5261
5327
11670
5068
9417
181
2016
378
88
7258
5521
5684
7914
3967
9713
6597
3751
5721
5361
4436
7517
9774
9518
5912
791
9144
2710
9
7039
9336
11865
5240
7593
3150
11716
7015
984
6685
497
10449
4184
9250
1373
7967
4001
8333
7406
4413
7420
7609
3735
1609
4593
6794
534
1832
10185
4262
4618
7649
10146
5296
11643
2018
6319
7453
5879
11374
9190
6269
10709
3759
7480
6082
286
134
8840
9123
2241
9268
9670
4154
9970
344
3335
6707
3925
11612
2822
8192
643
7442
8860
136
7586
6692
11889
7348
4415
7360
10792
110
8307
2728
11577
7808
2453
8344
8716
5013
9727
741
5382
9568
6956
6578
9850
9585
1768
5479
11140
9269
3147
9958
3785
8955
10435
9270
2625
5007
5089
11976
1724
4087
10200
10401
6003
10581
8743
5882
11008
11372
2267
5861
10492
5538
6715
967
7756
9497
7669
883
2051
2806
10965
6655
3761
1331
1328
8497
5704
7072
11090
11570
10987
8665
6206
11436
10310
5530
11486
10925
55
11241
2948
1726
667
3832
1936
8596
2995
1569
1035
2741
5816
10667
7785
5300
7454
11871
9316
1946
7873
5533
4398
6205
121
2103
7331
7308
1413
11131
8722
4408
3808
4560
10942
427
1650
4858
6703
7923
7226
6219
6190
7414
10432
10232
10040
3077
50
8850
8714
8845
2750
4114
9673
9251
11183
6304
10535
3130
6776
6062
2390
3950
10566
3930
773
8028
11910
5122
10229
8543
7692
2816
6362
5391
6176
8677
10311
7516
7925
11228
10245
11251
10892
7122
7885
7140
9702
11802
5659
9058
4145
1206
8456
1535
2533
10253
6400
9246
185
3270
6358
2237
5968
7639
9781
10562
5279
8608
6364
4229
11866
8380
7894
3323
1110
10022
6204
3193
1438
11829
3500
6010
7508
1995
11487
10691
6992
6286
908
6508
11063
6542
11765
4726
58
8364
947
4755
1880
1745
10028
5676
3524
3153
8586
4240
7161
4267
6417
9750
6889
3762
2228
4886
11672
7291
4380
6118
1500
2847
7896
11713
32
330
5423
4121
2879
1426
4177
5365
2864
6398
7765
10035
4039
10156
5087
5045
11332
7141
6091
3566
11919
3119
9057
10740
11321
11805
95
10402
10732
6826
3100
4833
6554
11238
3690
1525
2553
5719
6015
11921
4563
11519
11112
4431
8879
2941
11593
1226
5231
8784
11605
1841
11819
6425
5342
6211
6407
7995
2524
11207
6549
4092
6721
11642
1184
3028
3183
4222
460
9089
3390
11826
6840
896
5466
5487
3226
3244
9586
10717
8554
9223
2913
10015
3872
2946
4065
10106
2329
3860
1465
1244
7235
3039
5308
268
9788
7626
1517
8125
7493
10414
2068
6018
871
8852
10291
410
11676
6132
5700
6216
8567
1884
9605
6782
4523
10419
9561
961
4345
5239
6695
2526
9939
529
6569
8708
11822
11309
6350
765
6013
4021
4850
10466
9584
4417
9295
5442
6154
9930
41
7175
6981
3902
2836
6318
4901
7804
361
9683
3718
4192
11149
4170
2420
2464
6633
8066
2576
2350
6790
3194
7441
456
3033
8083
7861
11766
7104
2587
9963
2115
8418
34
1593
6906
9804
9019
10292
1810
124
2283
9162
10864
10076
9601
1536
3742
5009
8918
734
7198
949
5514
9010
11266
4789
6916
10120
3555
10325
10
220
8923
2297
725
10068
4857
662
1638
9420
5084
6196
10595
7879
1284
6221
5758
7577
11302
8797
10177
9729
11842
7084
1498
4119
3977
3824
6279
2681
9067
10176
8394
11744
422
2343
6434
6995
3253
10980
10489
9820
6975
7073
5182
5847
7540
5594
4906
665
5833
6270
621
10387
1741
4168
11497
4404
573
6566
9718
1625
7800
5426
104
2407
11711
10941
10839
11840
11204
5823
1611
2963
11117
2466
8482
7596
6375
3622
5498
2433
6315
9149
5520
2596
679
10195
6177
7909
11445
9748
9645
192
3302
229
6722
2500
532
4393
8029
4047
4153
7419
8658
6517
9100
4230
11780
848
8481
258
11635
6901
5905
4084
10938
7694
9946
4829
8282
2274
7425
3560
5893
3535
8563
6288
7539
4227
2810
9127
9493
4888
2767
10365
6095
10638
1066
6051
11681
10226
6918
6656
1499
6839
946
690
221
3710
271
7553
6489
5443
11119
1026
1767
443
2290
2401
6988
8858
9075
8128
8161
8667
11386
7961
9068
10123
70
4178
10152
7110
11990
9924
11941
11999
3404
9388
6450
6331
4329
5735
9658
10072
9017
3195
1597
4596
6264
8021
10702
1944
11443
664
3828
7365
3874
1332
8619
10099
7204
1453
1596
8535
6922
207
5126
11955
11357
10408
7815
10390
8916
10025
5546
6758
7023
7587
9161
8479
2813
8527
429
9031
8162
4669
11680
900
1633
4486
2538
1473
6145
278
9111
10510
7469
9692
8443
2202
2507
11557
9735
7851
2780
1541
884
6467
1165
6220
4584
4796
1801
6257
6654
5214
69
9806
9400
9760
1294
8793
8958
2794
829
5138
7802
1159
5573
10042
3726
3689
5421
11479
10759
1508
4613
7243
11408
3151
11815
4350
5063
2523
8367
10238
9296
256
5190
5241
2288
1874
84
1531
1269
247
11191
2192
637
3262
7787
2215
8617
8645
2313
266
712
2005
3162
5980
8630
4339
1578
11813
2677
5204
5994
6050
10357
3657
472
6696
6336
5144
2238
7423
9060
9488
1412
6242
4506
1012
8913
11351
10847
1034
10971
10051
3823
6670
8011
4101
3283
11353
5387
1013
958
8950
3175
5109
1435
6146
5404
4914
8340
3895
6821
5058
8681
9364
10018
7233
11965
10949
9049
3064
8689
4665
3166
9825
8668
11912
10088
7616
2930
11820
7673
7220
809
8159
5767
4586
819
5826
3784
8322
7654
2722
175
3325
9722
3171
8047
9720
8589
11608
226
10859
628
4097
5960
6574
2479
3464
782
6441
2565
8457
8127
10807
11827
11950
579
2382
9540
5513
5761
7222
5475
1965
11685
5301
6962
1182
10785
11856
10855
2519
10041
11573
1938
11834
9913
10739
2756
945
4956
2799
6004
68
5730
5292
10888
10695
2982
10805
988
6604
4871
4418
8659
5603
3876
4368
9638
9837
647
2520
2742
1820
10986
861
2070
9307
7510
6701
4623
562
8794
10074
4493
5367
2739
11555
7834
7272
7172
5123
1797
4572
5737
9131
1397
7779
5062
5181
4616
9501
425
2579
7554
8018
4496
8078
3695
11418
1166
10441
5162
10451
10753
10298
5175
4141
9281
575
11345
8293
11043
6042
6820
1188
5354
8536
9931
7838
3788
11278
9432
9011
939
9437
11125
7157
5713
11437
6263
257
4522
4405
4519
11913
6432
2038
2300
10197
9874
6735
7966
7853
3937
9611
9772
9279
750
571
5028
2346
9576
2620
10972
3772
2707
6938
9921
10829
393
8036
7026
5268
9064
6295
4271
7327
454
7268
4343
11939
11811
8348
4538
1533
11224
10235
11244
8429
10518
3037
3673
9916
7009
5357
4508
6941
10767
5481
6227
4804
9286
3976
3611
9001
9370
7972
928
4281
2476
1427
3563
4167
4676
3691
11974
7959
1103
10208
449
10284
10850
990
9550
4180
2910
2829
9838
6522
2821
2999
11235
11539
2307
7870
5687
4012
4426
6870
10587
7752
9592
2023
1388
8206
6494
3421
11778
2831
1855
9792
5222
1147
9976
3068
8579
1984
8051
7711
4019
29
8815
3589
10067
3016
5269
2083
5167
3219
5930
8829
4635
10632
435
3427
5812
11450
101
3180
11361
9076
11860
10927
4876
4717
1711
8267
332
6428
10809
7183
6843
8886
2468
10388
3508
1316
9062
9790
10109
6302
9025
3321
1460
3358
3245
1684
10922
9500
1094
4132
7852
4936
206
6236
3490
1286
7307
9668
1062
388
3228
10982
2473
10307
4263
7682
11975
3282
119
8798
59
1977
11886
10461
8728
5390
6855
6618
2724
7982
5408
5022
3663
11075
9259
4785
10066
216
10147
4792
24
3471
6053
7189
8510
9533
4745
8803
10391
10640
7776
6751
10571
4394
9215
11967
8729
992
1223
1196
5655
4555
9982
1063
10656
7659
10361
4725
7460
7114
3082
4639
4941
1327
1594
10921
4391
6872
11634
3708
3155
4631
1997
1405
1120
4142
4104
2174
11746
8209
9482
3651
10601
9229
2110
3580
9882
9574
8511
8406
8861
3098
2171
4762
10411
9423
1121
3448
4985
2134
1339
4843
8733
10304
4317
2015
8544
5127
3275
8334
3787
1516
9541
11352
7031
2318
7367
4251
3931
3789
864
8799
16
9672
4526
839
5265
11915
8004
11319
2926
5802
9787
5310
6723
5285
8455
1702
10154
10996
9696
3432
4208
5245
8214
6406
10701
1175
2052
2156
6173
645
6044
4776
4231
10596
9416
3038
10332
9591
3105
10867
1925
2545
7034
3754
588
604
1624
7947
9337
3104
8723
1205
1470
10668
2984
2562
10819
5054
9490
5218
2426
6272
8599
8577
7741
7931
4531
2706
1082
11980
3096
3299
4734
3013
2915
6124
6139
10071
253
3456
2061
11867
10900
11243
7817
10705
11367
6530
1336
7973
646
7660
264
3188
6526
8172
10561
6954
6521
4860
6679
11413
8932
2970
10781
1085
11440
8003
7627
9374
2173
1249
6628
10623
607
7334
6029
11369
9334
1560
727
5715
1130
9141
8990
3512
1538
9140
1251
4228
8345
53
5332
1907
7075
2112
7008
4300
1132
7921
3851
8174
7477
1248
426
7252
11180
297
7883
1737
5932
10336
168
6676
5507
2748
9938
9424
4124
9119
4535
8325
1277
2396
9473
6111
3616
7384
4598
6644
1935
4226
3952
1537
3405
7398
1187
1617
3117
9073
4868
1263
9306
8531
5286
1468
8949
9368
1986
3713
6908
267
11095
9751
4825
5184
4686
5987
3374
10974
4162
8453
5963
9512
3939
3067
2543
4268
10016
6338
9594
7438
7949
2807
8338
2198
8462
459
2924
4528
1823
10511
8512
572
8802
10803
1164
2853
10875
7182
6657
8224
250
656
5922
10448
5541
7797
11079
7821
11493
7762
687
7733
6420
10003
11082
11971
5726
5473
11385
7504
365
1028
6502
4109
4165
2277
6258
7087
6636
9754
9041
2859
5134
757
3201
1299
6844
10837
5572
5722
6148
4541
5374
8485
932
1484
8769
9421
6838
7027
11187
3355
3693
10765
9387
6849
3799
527
2252
4112
799
11759
4471
3609
5867
9395
7522
10588
4636
2167
10079
8010
11997
8388
6686
11803
10203
5781
11845
11303
9779
2692
11263
3409
10050
9560
6603
11198
1761
842
7418
804
4854
8079
4439
8416
8149
10728
9491
3720
9980
4937
5355
9154
1892
2505
7415
6101
5854
8052
11184
1018
8687
11772
4873
11031
1160
8652
6480
3255
9892
10885
9572
11012
7640
1131
11020
7358
1148
2044
9016
11330
7254
10260
191
342
10393
3484
1309
8387
5598
11991
4355
1882
6306
4724
11222
963
3142
10515
8274
1955
4902
2598
2021
3170
8157
6268
6250
3461
7048
6098
9919
9367
10348
1806
659
11108
9571
10078
5609
7822
8063
65
2413
4270
4325
396
6650
9538
5248
9408
11015
5850
3097
4123
9981
1896
3348
5410
3032
6160
8618
2820
5246
11018
4477
2305
2754
10984
8515
10127
5049
11060
3375
4706
5571
11331
370
311
5489
6103
5418
5859
6072
821
9940
9809
2996
9462
3263
754
8440
6815
3861
9125
7969
5460
10350
5958
3350
1220
11545
10463
1007
3656
9641
4312
8892
9861
3781
2450
11786
7302
3453
8711
11490
7363
2428
4990
8369
3792
8533
2846
695
187
4105
8545
1496
462
11033
9997
9721
506
2827
455
2570
5429
9253
5394
7178
1169
6497
2151
9521
3587
5743
9966
6112
3944
2512
5340
7405
6951
5201
8638
2368
6438
895
158
8395
10377
909
8366
9438
7059
5465
442
3801
5008
2883
1895
4673
2793
3763
8727
9156
3167
6410
4235
8074
1862
6559
8974
8187
10966
3999
4409
7465
2162
2444
1440
2150
5828
4813
5999
6925
11111
11190
4798
4082
5290
9494
9811
3812
6337
7017
6495
10117
10032
849
7117
313
9866
1317
8682
10951
4509
5631
6789
3031
964
11949
5837
1864
5665
4603
4157
7777
9455
8525
9469
9030
10262
1237
11494
4250
8050
8093
11636
3638
10672
4291
3534
812
8805
4741
6472
10214
10919
5386
3898
1999
589
8573
9476
6528
2067
11718
717
10687
859
7916
11337
8310
3368
5696
3790
9925
3460
7704
5118
9841
1655
5195
5707
8261
7803
9040
11621
8305
9545
9627
1853
8781
7722
860
7088
5602
9439
808
6188
6249
7668
11836
6590
8905
10096
8550
3773
936
9805
1917
1360
3610
7285
8154
2354
9047
3802
803
2795
4809
11154
6002
4771
5471
11305
10878
11153
7919
7956
5791
3243
5564
6803
8001
8765
8245
4256
4284
6275
77
2896
7792
10474
3110
10437
6545
6598
3001
5938
10598
8508
8142
3312
1545
8971
3734
11881
7238
3854
11296
7393
240
3400
3644
6797
2974
282
3290
8042
6555
2441
7757
1253
3332
10997
3775
9330
6546
5117
5984
8204
1854
1366
6814
1859
11220
6741
2547
8168
8898
1816
8007
1754
4453
7445
6347
1631
2439
3778
3179
5634
9305
11457
11460
8062
4351
8574
5901
10182
2529
1688
11474
6093
3211
11370
4756
9265
3888
6092
6298
7763
9121
4835
9873
5449
5622
376
10274
7312
5648
303
3805
700
7
3653
2875
1701
2009
76
3481
3928
6384
7168
9404
510
722
3816
10530
7094
2247
2713
11267
4152
1728
7146
11091
935
5274
1722
3403
4710
0
498
2381
6167
1238
1464
8289
11174
6842
9762
352
5858
5542
3373
5931
5415
6509
9819
397
9510
10161
6919
3445
5724
7710
9659
4597
3777
10536
2955
10179
6399
9382
3559
3598
9285
3252
10189
5629
7737
11068
7810
5644
3842
9934
551
10479
5129
11465
2358
6356
3901
10604
944
6046
4074
6147
742
3596
6476
11614
8417
9063
3469
729
5010
3118
2483
3591
2168
7259
10603
7494
5037
4866
1483
2898
10660
5233
10175
6348
315
1122
11587
3903
7901
8752
4896
204
4626
4517
11618
11703
2619
11176
8559
312
2384
11712
513
5206
3379
5082
7448
8397
3024
4489
3113
355
2605
3116
7980
6100
10010
4532
11333
219
1430
4435
9235
8301
11067
2180
8890
4637
8371
7498
5207
9714
7981
7568
10397
7392
3365
942
8675
3538
3337
2472
2515
557
5995
2665
11983
3159
11320
8853
4518
3346
5977
7761
2388
2003
10711
9174
8528
8265
11698
7125
11659
11695
1330
682
2688
10616
9949
1551
714
1885
1588
7835
10216
11675
4722
3078
8438
6143
3123
7940
5617
4991
3612
2136
10624
9526
9728
7109
10935
11482
940
1046
7139
9181
6325
6963
5065
10800
5071
8414
1324
7317
1788
919
1423
4430
7624
2164
11071
2903
1920
11738
1962
8626
10110
8925
4007
8737
9884
4029
9785
7739
1814
2685
10557
3806
1108
11857
2818
6446
6481
7793
4878
9479
8064
11804
525
1993
7173
11616
1243
3288
5690
7935
9245
1385
10663
384
3363
2326
6116
8342
8492
11023
9652
11576
2486
2979
5764
9331
2682
8398
8266
6382
5072
1574
977
1640
11237
2564
7569
649
3724
2265
3203
2242
4612
4939
5368
8641
11317
11432
2991
387
6352
2787
11032
5547
6985
4324
10845
6378
290
10422
3963
5504
1279
9763
108
5038
2379
1463
6896
11602
11142
3411
5309
6739
3714
9308
7725
10665
1905
11924
7807
10438
6367
9353
7691
10320
6487
7090
673
5130
490
653
9954
11280
7271
5652
6005
8609
4900
7217
11157
3220
523
8241
5255
10799
1939
11752
2234
2364
6426
5445
4845
10521
9901
8520
9079
4196
1648
269
578
3932
10056
11231
10813
9371
1727
10220
5139
7169
899
6396
4254
10468
3087
8275
4451
160
4996
5451
3356
8818
8171
1843
11596
6262
11953
149
1774
7976
2798
9914
5047
8065
6717
7937
5535
4987
8985
8847
4304
1485
10324
1410
4125
7646
8738
2758
3144
4375
7192
4668
1472
2712
11708
2475
10405
521
3542
7053
5014
9587
6605
2278
5716
4758
2591
452
8709
6876
7799
6807
2249
8534
10700
8750
853
781
4728
3443
4644
3472
11610
5242
8891
8316
1642
1550
5815
8928
7126
8382
4495
4072
10939
1072
7402
826
1503
2088
11162
3196
4367
7029
91
6577
5153
1080
11024
11513
8033
1876
9159
8230
3783
1990
5101
7186
1552
7028
8134
4578
11421
3521
7565
8600
11923
593
11349
4925
10823
4823
5551
10007
3273
7124
2235
8810
5988
4648
2560
3757
11638
8211
5608
1731
5104
363
5621
2951
974
5904
10776
6877
5916
4678
10052
8841
6759
9050
7880
4826
5011
1037
723
5359
9014
8240
6894
7839
931
2850
2616
9397
6672
9698
9599
10107
2217
10649
5311
2689
1934
10459
4869
3765
7375
5276
4658
11092
5484
921
5114
4539
3103
4605
9315
7003
3774
8428
11259
2118
11683
1325
7016
8298
4945
11657
5438
1303
382
2365
10682
5024
10205
9480
60
8347
9084
8581
1142
1732
11911
6835
11944
4903
10429
2447
7636
2940
415
7229
1232
9553
9435
7459
3328
2959
10440
5670
11223
7859
4459
6610
8795
6964
2348
6241
135
7397
5583
3431
9323
8460
11218
5464
2757
9567
2537
10967
9446
594
11741
2240
6740
2607
5587
1127
3204
10418
7881
8115
7679
8817
7446
6694
5437
2832
6260
2918
2774
9231
5753
5562
417
7887
10306
7767
8800
9778
1224
3864
6931
3473
7149
4218
10896
2882
5682
11524
4944
4557
3807
166
8295
9731
8368
4159
9325
3277
4908
1064
8661
5744
8621
4276
1893
10210
4370
4920
4794
162
8983
1274
11254
1409
2887
4964
11722
10425
5830
3986
5798
10145
8120
1446
8470
5244
1433
5552
2714
7130
3458
877
11931
2397
5056
5103
4780
3721
6580
10883
7462
11143
878
938
112
10064
11208
3050
2410
2065
3009
801
767
11294
3749
157
2866
8724
10577
2225
4559
11062
1475
1827
3
868
11538
5996
6550
8552
10872
6387
5857
11653
6691
5191
8837
9208
8885
11175
1105
10271
2434
5260
4187
3184
512
9784
10869
9146
676
10000
10992
1396
9537
11271
6516
934
10761
9145
3997
8331
2069
7955
11270
11688
4783
4832
11585
8085
11416
10218
10498
6134
8701
6346
11572
2027
3641
8921
5131
10431
10251
8303
1493
1488
10553
7449
4664
11069
10165
11678
3264
9918
3209
7563
1162
5806
9405
1619
9523
214
4592
10108
827
7965
629
5872
473
5799
5337
6285
1948
8087
8009
9147
5040
999
5384
10868
6021
976
11598
5380
9741
3841
772
8502
1378
11639
2128
6153
10135
2331
2482
4930
2261
4115
5012
3588
925
4765
1707
4614
1358
1759
10323
3138
1337
9539
8611
8911
1047
3225
7350
6535
2284
7440
10914
2769
6859
194
4970
10821
228
3728
9767
4385
531
10866
10021
2177
7653
2950
10404
6767
1898
2755
635
10293
11152
11179
9023
8495
9104
4521
6910
7950
3549
4852
1124
408
7895
2659
4971
11137
9551
2602
778
2935
2187
5982
7476
3586
2124
6768
6913
11173
6967
2503
7905
10151
7353
5169
6606
11812
2711
10559
6373
3682
1567
1437
875
448
6770
5136
10091
3181
9730
683
1923
4913
2550
5848
8712
4562
2189
11958
7892
8133
1060
1153
10055
2578
1156
6847
5578
3115
6667
6634
3992
7742
190
3362
2740
1623
1890
3719
9168
10433
3604
338
11787
9684
4694
73
2848
11662
7326
6793
684
2496
10924
7664
2773
11603
143
6404
9971
4877
4552
7734
3923
6478
6924
11687
865
3107
4376
11005
2457
5591
2863
1134
10678
6624
761
10876
7106
10400
9726
10637
6874
7135
7093
11586
2222
10854
9695
10231
1172
10255
8378
9322
2221
6191
1740
11734
4090
5946
7970
2485
7677
836
1800
8199
1387
8249
5270
5844
8522
3634
11246
10133
6562
8139
11362
9262
4166
7324
9059
4290
10853
6669
795
7743
1602
4959
6940
10144
1686
10527
5864
4981
7951
9635
748
7751
10750
10754
6693
3190
4507
1432
208
760
4169
7638
11943
7076
9876
276
3391
10743
11389
10037
11172
1639
8469
8509
7651
7416
7555
8107
6540
1881
2554
4654
319
11433
7382
9172
8700
10713
7993
1138
7050
3303
7202
2437
4120
9320
10862
5189
5630
1479
7559
2977
11371
3318
3396
11926
1219
5727
3163
9489
5908
553
8774
4510
2956
1129
1061
6379
4684
3093
3240
5736
1714
8389
9018
3960
11412
10279
11546
1873
11631
7332
8320
6466
6144
8329
8181
4450
3962
7758
2034
4812
11571
10244
574
11139
2531
6372
6620
4634
6303
5836
10141
9377
7435
8578
5198
2629
7014
9457
6977
1506
7006
9532
10048
10608
1877
8757
1605
11419
2852
1280
7337
5029
3935
6248
2857
3160
7718
1020
6208
718
11044
11740
1036
1989
11851
2986
7635
11532
2135
8043
2679
3733
7531
4629
3012
616
2149
8436
519
10882
5469
9870
9797
6443
3631
9757
5158
4520
6292
5401
10054
31
3506
11896
1319
8327
4984
4588
8678
2484
3947
520
9749
1095
2007
3047
4030
325
10537
336
4801
3642
11464
756
8514
5757
7129
2108
3395
6653
9096
11579
7813
8430
2148
7063
9606
11471
369
8555
1789
8889
9230
3426
6238
1477
371
1173
5295
2989
6809
4799
4274
4905
2747
4922
4032
9015
4224
4414
9206
845
2073
7989
2043
5534
6885
2351
144
648
11908
10720
2786
6311
7247
11219
5076
11882
1141
8236
505
416
1672
2839
1418
4442
3137
6294
9843
3984
6891
3311
11985
5283
515
5360
11959
3066
7938
5092
2834
10730
4348
9829
1919
3943
7361
1883
341
7386
7179
4670
11632
1059
1532
9191
7855
10861
763
8646
9907
5803
8934
5824
11560
11467
8496
559
4625
1994
6635
7962
8744
8965
450
1326
10540
470
1696
1254
1770
3056
1357
1716
10270
1197
9649
2985
4
11077
960
721
8857
9823
9607
8882
3771
3250
2919
2010
8158
4232
11093
486
2837
2030
7615
7541
5363
3835
4449
7065
2229
11417
9442
10473
691
3918
11750
11791
11129
4827
7495
11925
7941
3510
3114
10497
480
6186
1154
3746
4822
2467
6976
7223
5039
2458
10724
7240
1088
7984
2239
9467
8941
724
1006
93
3256
3929
11029
8623
10487
7983
80
3207
6827
3626
9273
5947
6305
9589
9238
4566
5343
7042
8191
6301
3605
10735
316
10488
4261
10908
11128
4223
375
2356
2715
6538
10392
2269
5796
744
5625
1860
9629
2604
11640
507
7945
3628
8635
9725
11901
9232
10318
11424
9375
5923
4915
4172
9048
11699
423
2079
1565
7306
8450
3896
10478
2389
8208
1230
4962
11658
11350
6344
2571
5496
6537
9595
9653
3544
9110
4298
4423
7647
4968
7354
5939
2182
5331
6798
2199
6511
6354
3879
815
9972
4210
9857
5495
1247
6927
5307
1872
4841
7193
2417
9824
1461
8373
8854
25
5256
4856
4337
87
4480
2945
4455
3966
9287
9077
10670
6361
10368
6166
9328
10299
5671
3233
4040
391
10600
5456
862
111
581
40
1704
10830
3246
4666
323
7005
5329
4320
7684
10899
5323
6117
813
6972
6795
5875
9563
10053
9359
1181
2648
2527
7827
1912
11122
11269
10296
857
1764
10822
1382
394
11726
4293
5628
3174
1501
9998
2303
1424
10383
4213
5892
36
4379
2251
4424
3624
3442
307
6937
3909
3905
4567
8749
989
6069
6979
2967
4384
10502
4205
5362
10652
6088
11607
8017
1003
11903
2643
11890
3815
4094
10692
9346
1791
726
3304
4708
451
971
2858
6370
612
9590
11745
11451
8393
234
6439
11988
4233
1354
886
1222
6519
7289
5061
2894
11725
6664
8260
590
7237
3821
2273
1523
11918
1302
2704
9558
9508
7824
716
1030
533
1090
4036
11395
3579
3134
11677
8336
8896
8650
5763
5478
10824
11118
1320
2062
6041
5060
7288
5522
789
7789
3015
11146
694
3345
973
8871
4307
9648
6084
9484
11960
4604
8824
8587
2160
6349
10880
2385
5829
2762
9128
5890
11760
4927
2964
1763
4131
8288
357
11947
3135
4315
3633
9833
4619
2808
9026
1342
7507
8237
9151
837
715
9917
5119
6623
9688
6089
8945
2349
3699
372
6475
7678
11392
770
686
2322
9812
4545
4662
4331
2851
11966
7594
4811
10092
7845
10689
9344
556
10407
11566
7150
3229
4003
11868
4389
5395
11428
1399
11599
2121
67
5025
8141
9765
6327
11483
8702
1204
5454
8809
265
6401
11938
11292
7197
5948
9463
9691
9410
5714
11197
6923
7991
6750
7253
8321
7033
10679
11724
428
11788
11550
1161
5711
9415
597
9935
2498
3926
1377
9991
1391
4215
994
1318
5786
3293
7043
9897
7911
2405
8862
5712
3711
3517
1151
6265
1595
2522
11380
5907
2768
4330
7768
1576
441
10714
9304
9885
6140
1221
8919
4484
4086
10626
4743
9362
1952
7111
2573
2772
8165
7759
5745
8953
7230
7860
11186
8741
7366
6355
10359
1015
6588
1620
7755
3514
4638
7461
11444
5597
5569
7275
4248
6525
3272
8016
8297
7136
4421
5461
2805
1780
5306
4264
5417
6936
9042
6784
8788
11054
3666
9356
11405
2953
3075
11808
5646
10132
2684
9565
1524
11136
249
7844
10308
3904
8475
6687
5835
5452
3716
10242
4533
3430
8499
11900
8284
10409
8759
2603
8355
985
3106
8779
6339
8046
5733
3072
1351
2726
333
4294
8734
2936
3018
10795
7396
5157
7924
1758
1582
6491
6996
3101
4806
464
11182
8893
9097
1355
10334
9004
5254
2922
3419
4245
6724
3991
5545
1603
11937
5043
8227
5095
6564
685
1259
5686
5750
3143
642
10019
10030
3849
6993
9401
2845
11434
1262
2492
5003
3112
5173
1662
1001
259
7256
424
9108
6469
5057
189
8101
5845
6127
9817
5143
11679
922
4853
9419
5793
1828
11052
751
10268
9148
2029
11236
3376
4500
633
9466
5516
9793
11258
11522
9103
2599
6280
6775
7738
9834
1918
10891
8780
9102
1394
9932
7672
10907
5237
9953
1231
5645
4402
7468
2004
6393
8075
5917
5942
3554
6033
7074
10831
6207
4041
993
4677
6128
1300
4620
11948
7526
5183
1773
707
1150
4872
10954
1811
4134
5294
10788
8561
4647
1676
3871
10538
6969
3030
6239
353
8961
709
11870
9130
5312
8696
10317
8483
561
10202
4652
9369
3122
10989
8421
7930
9376
3853
1383
10417
8560
9520
889
1283
386
4830
2730
2586
7814
6637
1146
9080
5356
4814
7187
4574
8281
5031
5018
4377
3577
11083
4160
7724
7700
6785
8748
3014
7232
1258
4400
1042
5197
6214
9531
10586
894
10319
3417
1071
2373
11150
6079
5929
3619
10452
10305
10358
9278
1471
3968
5358
251
6640
9985
8296
5650
811
930
11485
9700
7191
4171
8825
4437
11773
8532
1070
5751
3006
1198
7145
2309
8484
5755
2770
2376
6690
5042
3601
4646
1970
11109
11323
9275
7013
4182
8653
2446
4909
7444
10259
8153
1953
11580
6619
7671
3723
6719
4198
1824
1093
2542
5762
10164
8693
11169
3769
9340
731
4503
2024
89
11757
6879
11030
1651
2594
5462
8113
11144
5529
6137
5448
11806
5971
6905
8461
7162
1384
10168
3371
5986
2205
7715
9138
9085
9686
5378
9082
10034
11877
3764
11904
10090
7085
5881
1813
3498
2634
6600
2383
4740
2332
4540
937
1861
9862
10442
866
5768
10201
6074
10061
4088
3985
7786
3643
1658
8291
4831
9651
9608
11507
1878
8138
9360
8575
9447
10950
10209
3291
1778
5692
6757
3239
503
6575
5668
548
3858
6881
4111
5315
3972
7997
1123
6081
8571
8176
1583
9228
5027
7273
3487
33
3838
2895
463
7203
10331
8324
11530
7523
655
6179
4434
6333
9202
1113
1879
9066
2033
5635
5176
7701
6283
9207
3317
8935
1720
7134
1393
7001
2518
11066
11853
5468
6863
8865
5822
10058
4928
10130
6704
981
6601
6532
2796
11051
6120
7723
3276
9699
9133
11665
3590
7262
9926
11561
6363
8025
7927
7634
3131
3351
10089
1474
1964
3085
8491
8948
10993
4374
9205
3732
3499
11748
8488
9196
3295
10131
5990
7408
9621
9440
11597
6630
9803
3455
2676
3552
8595
3213
2929
713
10085
6162
5506
9831
5568
5778
3768
9889
1798
10801
9163
11295
7645
9475
1643
5077
11097
11998
5364
9886
3182
1746
10490
3070
1192
8404
6552
11232
2087
9170
6819
2341
11796
6061
1370
11529
11600
3571
5000
3399
8627
3602
10494
7514
5525
5626
5813
3752
9655
5675
6961
6194
9756
10065
4891
10412
10395
10533
4502
7595
7376
6505
9204
4955
6067
7558
9456
6210
9569
11334
11514
3297
3665
11312
8642
5959
10039
348
4700
8233
6436
5699
4045
10137
5253
5001
11498
2746
6897
7188
10955
2606
3269
10917
3730
11833
11391
4571
6073
9413
10858
3065
699
5341
4395
2461
7665
914
5115
9101
5396
10119
4432
8988
5944
8877
9989
10341
543
11420
3639
195
141
10224
11554
927
9600
2275
4372
5209
1557
5235
7447
1826
11081
6571
7138
1833
9006
6688
11298
390
11723
4446
1992
4333
975
1803
7750
8250
8015
11415
9105
11644
287
9694
5636
2066
10970
11731
6163
6888
11340
5539
8179
8870
10811
5193
9996
4327
11341
5918
6291
1674
6887
2392
8341
3349
1973
6284
626
380
4911
2316
10476
8246
3310
11115
8027
4096
9546
8605
9868
6764
5048
4800
7648
5685
733
2933
7833
10261
3202
9391
2975
6851
4899
4336
11211
2104
11409
3401
7081
4946
11801
6411
49
6708
787
2904
10340
8080
545
2017
1645
8055
8477
3756
7686
3722
7434
4188
11588
6536
3491
820
3603
2885
6733
9355
3646
9637
4474
4220
1255
737
8807
4308
4441
965
6714
2725
11007
8403
5400
9952
9598
1051
2195
11281
11053
3919
126
4425
11916
3811
6856
9859
7323
5909
8041
1802
9299
1212
10962
6942
7796
3191
11240
1033
3221
6608
11814
10223
308
824
8313
7650
6799
2556
3334
9176
11785
11423
2781
3361
7214
9678
8699
1016
6245
6513
6560
2170
1961
9441
1207
2438
2541
11435
6197
2671
6503
8193
6394
11492
3307
4077
5556
3268
7077
3686
538
11355
4530
5683
5097
3948
4824
5236
11469
301
1333
106
2019
7954
1635
11552
3285
7478
8258
2908
10481
3924
3894
910
4067
1543
5614
9711
5238
3398
94
2299
11624
1844
4058
44
2637
4482
5657
10631
5227
4239
2844
5194
9216
11527
1739
4498
120
9562
8938
4556
10138
10774
1852
2782
2312
9152
411
8283
7912
5934
9895
2085
8252
10726
1174
10690
3817
10352
7102
9955
7688
10194
2766
3889
5747
8518
7320
780
6529
6433
2345
10485
9474
10651
4155
1959
8954
978
847
4464
7329
1155
2286
1044
7180
9184
997
639
10382
9822
1817
5289
6189
2614
4543
8931
9366
7630
9294
3857
8625
6765
7831
10098
1678
4536
948
2194
8239
7424
3954
11929
9507
8855
10554
3540
8982
10477
10762
9472
6515
8867
3736
10399
2048
3235
4009
1870
5782
5335
4313
546
10786
10976
6170
3387
1900
169
1419
6524
2690
6108
4136
8622
887
3227
9764
8813
9189
4716
8212
3822
317
11310
5841
10928
8278
5213
3740
1587
9380
1941
1048
11548
1887
537
1058
6057
10579
5532
6122
638
5150
11011
3298
118
6027
1894
680
11690
5096
5080
753
4731
2172
9802
7680
1311
2988
7321
10087
11629
4640
10073
476
10447
10755
9865
11623
4611
2734
7437
3525
3140
10237
5299
8099
11216
697
6663
518
7044
9744
3237
11891
7846
6328
6928
469
661
3618
11762
10981
844
7225
8620
558
7177
2285
10645
9704
4353
9717
720
8014
3892
555
3850
8381
3820
5592
3433
11977
5976
2624
10456
3061
6455
2201
2037
3000
8959
1038
8782
3979
7261
10198
6732
1904
4504
11
5411
3803
5811
5373
4342
7533
4280
5662
7082
209
5772
10136
7429
2418
2759
7600
9450
2760
11127
6706
3662
702
4305
6408
5074
4046
7590
6912
7926
11615
906
7210
9427
7696
7707
7107
1234
7457
3279
11308
8868
467
3217
2744
295
7699
9832
3156
797
10297
461
10346
10410
1402
11709
9091
3964
7143
11509
610
7287
9896
8219
5480
10094
1395
1414
9737
2116
9511
2788
6447
9112
9078
1845
1074
10075
1067
9771
3608
1081
9326
9329
2595
5773
5677
4810
2184
7619
1027
7391
4448
10499
5641
4582
11347
9099
395
1276
954
2355
6271
329
3054
9260
2797
5868
9646
11160
9222
1189
3041
2270
10150
1407
7964
5457
9136
11431
1871
7123
7527
2042
7740
8117
3259
10187
5413
6113
7705
1657
11549
3640
1891
10424
6086
3584
2949
3301
447
4492
3185
11339
8664
27
11085
9386
1163
5041
1682
7890
4524
10879
7346
3177
1520
6430
9407
4912
10211
1799
5689
7960
404
11542
11710
9878
11203
8402
3042
5447
8828
9758
3495
172
4038
1794
392
10385
6915
9114
7299
8203
7811
11064
5347
11466
11790
7849
11543
9877
5871
2593
2540
11841
5141
3897
9169
440
4880
5163
6661
11589
3513
11124
6681
2654
3595
5020
3478
6345
4004
5223
4322
6201
4960
5321
5661
9755
9383
1489
7579
6746
5287
3314
5005
3906
8836
4855
10675
11620
5593
3655
10999
8315
1375
7241
4632
1408
4819
2394
2825
8504
11578
8753
493
8410
1663
11199
1272
3289
4659
3970
9339
6771
9830
5637
5663
90
6506
1590
7547
11794
11844
1369
8105
279
7052
7693
10856
4674
6343
5493
7492
9418
3354
5839
7443
8178
1239
10659
10328
8000
9810
10920
4721
10509
4211
5333
79
1057
5369
5526
3877
10178
6884
9732
2098
8820
747
7404
11569
3477
11151
6048
5132
3983
8359
762
3341
8814
11072
3630
6638
8201
11769
6960
360
5771
10124
6830
3945
657
3415
8526
9024
916
6034
10434
3053
2323
9324
11668
6402
9912
5324
6567
4051
1901
10686
3671
5470
6846
7216
2698
4733
6991
1795
4602
4458
11957
8290
1752
2572
7144
1367
7401
1671
28
7544
11376
2412
768
11601
3454
1401
10958
9332
9116
640
8524
5432
3545
4447
4699
10758
9506
5770
2059
9317
7663
6903
4995
693
6229
6409
5108
4628
8542
4568
8405
2855
6980
4185
3553
98
2900
6617
482
6753
3813
11779
1998
6077
669
434
367
1858
177
3581
8680
5827
1200
8648
5515
6778
4107
6090
11230
1193
8287
1050
4193
11364
7431
7760
6125
7486
1340
1386
11360
1265
6579
1665
2638
1972
8969
2127
9899
3551
5581
8683
1721
7004
6773
11196
4279
3702
1329
6156
6054
2327
6806
4095
5430
10026
6225
3668
3248
11798
6224
6165
9619
7572
9291
4516
7164
2224
2738
897
5110
6215
17
9622
10356
9178
1442
11427
4711
2158
11902
2469
8670
7473
8458
5570
5896
1627
5783
6121
11101
10294
968
2380
10910
217
4947
4253
7826
2159
9155
6581
11257
11776
9283
2709
969
283
5463
430
7263
8447
2026
139
6932
8319
4621
1629
11984
7713
5544
7500
9499
8761
3703
3503
9399
1504
4420
489
11528
11452
2314
6611
11521
10043
4037
929
670
4895
8930
6429
2497
7519
5548
11654
200
4729
3629
7439
4069
1683
5149
6405
5211
8992
9775
3120
8745
10322
2090
10114
8849
3222
6129
4144
3527
8610
7380
4683
5002
10376
10420
7605
11387
11061
5898
3557
8086
8755
275
1718
3025
8148
6845
11346
6702
11888
9858
7842
2871
10082
10263
2165
11009
5639
4059
6641
2429
1831
1077
10504
3869
4116
11225
2371
1305
4760
4561
6864
5669
2491
1807
9051
9139
2721
9709
7049
1940
11038
399
6568
10669
8039
1521
1600
11969
7862
11963
7066
11120
9414
2764
11664
10912
2109
2925
1956
1836
4949
9477
4763
711
5832
2506
2353
3739
10757
3914
5490
7488
10446
11028
10084
2873
3885
2495
289
3393
996
10121
7735
5950
10444
236
1849
5585
10653
3492
8130
3071
11774
11663
7265
7315
10959
11449
7290
1045
5444
11239
4456
7209
9173
11627
6063
9978
1101
11399
10719
5459
10570
3413
5196
8490
7781
9527
10423
5739
3023
481
8459
9957
8194
10525
5678
10696
4887
11945
6157
8856
9088
4617
6320
11276
1186
8912
1273
10258
1406
11701
9960
2653
3058
2369
2897
433
11221
8726
4897
3704
3731
10723
4419
1667
10330
4727
9740
11613
9836
7816
2250
6377
4014
7629
7748
7505
1568
2702
11253
3658
4713
10342
7000
2142
10648
9247
310
7771
3271
8385
2962
6748
769
5424
4310
5804
239
7971
5888
9839
10493
7564
1913
7024
6665
8947
6945
2751
9240
7170
3843
882
3868
11843
4034
7644
11250
5862
6307
11810
8900
2504
3701
8465
8972
4624
6645
6539
6734
11453
8474
203
6737
11767
6882
2803
2680
5618
7621
4787
4412
1466
6329
3372
9451
8904
11743
4773
1411
10929
641
5435
2130
2815
7889
530
10370
11314
9113
4143
631
4958
5992
1301
11862
9345
9525
5499
9977
227
339
11516
4815
10612
2569
2377
3446
155
1736
11242
10556
11047
3300
6273
1310
7372
6858
9796
7606
8939
11326
1451
9734
6697
4514
3231
2574
8927
9129
3338
980
3562
1815
4407
238
2111
6395
11141
1690
7359
6720
2931
9902
2745
3852
7685
1455
7497
5500
1052
9920
3599
3941
1613
11641
10591
4917
5729
7292
5257
8834
11536
10148
5536
10968
598
324
11178
516
4027
7858
6955
7773
11617
10712
8993
11256
4176
1009
4048
6595
196
874
1519
8634
2140
3648
1749
3685
92
5044
3192
10126
3319
11171
3758
10027
8863
962
4564
7387
5627
4388
2360
6943
10455
1117
5217
6368
9226
10650
5271
7101
1270
11705
7040
9852
6477
7266
3995
9654
7155
4862
2132
10529
8821
9814
2362
5006
5607
5277
1851
3381
7154
9157
5524
8697
3435
3212
4534
9249
1392
3083
8979
11964
11994
5370
4212
735
2074
5247
3360
10768
5273
5900
6023
8628
6917
445
7744
3091
4314
9185
4782
6754
3223
10363
2404
5497
4478
4076
2357
2302
10673
1157
2581
8463
6445
7479
7176
7897
9701
4461
5405
54
2308
2190
11951
10825
62
56
5567
5262
4818
3607
10288
4879
1
5441
6070
6123
10897
358
9581
1494
5741
10944
8914
6413
3907
9893
10569
8695
1644
8558
6168
943
4892
3127
11165
6421
1796
5928
10961
5259
6968
7296
8263
9486
6965
8819
10560
3265
10744
11582
9959
5777
2916
3847
4607
412
1834
1819
6308
9090
6484
3585
337
7784
7730
10749
1719
6674
5577
8897
8564
8031
10301
10886
4651
10469
345
11056
6193
1208
6930
739
10677
9258
4429
4035
2613
5165
6510
11000
5674
2092
8694
11763
6728
4768
11388
8271
233
5178
10236
7613
7795
10614
10128
3971
7250
2973
3576
5264
151
6709
6025
1932
3292
788
10857
3076
9769
805
3412
11116
403
8740
7181
9609
9640
8970
6573
6711
6136
10230
1049
1098
5210
3020
11407
5202
2646
4738
9660
2287
3476
10572
2893
4547
7825
11050
5064
1149
740
7766
10734
11042
3617
11368
9554
10173
10647
3010
414
5840
7746
4149
2398
10543
4438
1566
2907
6833
9647
9093
9849
2693
10049
5818
7611
7035
11575
4808
8071
7702
4148
11863
9661
6036
2359
2055
2501
7774
11206
1856
5439
3081
9044
1554
7709
6786
7736
2181
10544
274
8126
10602
9454
8669
3051
3760
409
9498
11035
5431
10736
173
5140
10116
9987
8190
8792
9338
2233
7946
5433
1228
71
6731
10287
351
6576
7652
2078
2694
1558
8976
10430
9039
3804
9434
8326
4013
4238
6774
1167
7475
1356
5691
11159
5649
5304
7958
2395
9681
8232
6944
5906
8875
9036
8400
6109
6049
1195
2197
3329
3705
2687
5613
2656
892
4338
1840
1439
11277
8106
4080
11520
10905
1180
1106
2761
2220
3890
8354
3982
2958
11411
7079
9707
5518
6323
10272
11017
4175
9166
7092
154
7116
9461
277
4499
5756
4723
9293
2719
3496
1055
2840
11322
406
3800
708
6335
2320
3840
9871
5135
5381
5794
6035
1295
5709
11476
9547
7463
918
3782
6907
1924
1349
1604
4234
2647
3578
8058
2049
8419
3744
4303
611
431
4735
8054
9509
3833
3882
10619
7551
8486
6131
2470
8092
10265
4948
11979
850
1694
3158
4365
8907
6056
4589
10558
5550
8715
6946
7886
1571
3247
10851
9352
2548
8049
5402
10634
354
11048
8649
6040
2968
1144
8839
4026
2057
7436
9124
223
1664
11721
3707
758
4910
11470
10396
3017
6080
9580
9109
7427
5838
10890
8966
10745
6642
5180
9135
852
8425
5957
10369
7503
9736
4642
4328
6543
3320
2635
1380
11212
10166
3741
6011
5834
6490
4054
9826
6385
11982
7400
11737
11583
9986
1429
4553
3949
5985
2465
6680
6097
8020
10171
6558
9277
8330
7631
3913
237
6769
3615
19
6678
4081
2053
4953
2266
831
9234
7506
10716
11477
5121
3074
5224
4416
4017
81
3055
2610
6893
5673
10617
7610
806
8337
1441
6557
4786
10766
11674
5941
10542
4122
10731
7336
5887
3216
644
6453
4874
7295
5885
4998
1252
9703
9675
1306
9942
3681
7127
9313
2245
11037
66
1837
468
7592
8830
4837
10707
5383
8960
6416
4467
1630
4821
987
10643
7999
3867
10014
5789
2455
10295
3073
11478
3717
3494
6607
11553
5388
3347
10155
3507
1008
10769
1492
3451
8557
1092
6277
2310
2143
622
3483
6512
9667
9034
496
6141
5192
9098
11707
10460
843
5137
198
9266
3501
8566
11821
5795
1839
6622
5820
1821
7990
567
9106
8268
3614
2618
6612
6752
5606
9776
11930
11652
4275
6852
6652
8314
5186
2670
6381
7501
9575
8441
5914
1712
128
2131
99
1865
8070
10933
1695
6334
10789
5004
7368
2615
2992
5379
7865
8922
2120
2366
4570
322
167
3394
11394
1906
10790
4078
5790
9033
10940
2993
9975
5032
9570
2530
8975
7011
500
7121
7591
3437
2352
2868
11655
8175
5557
11551
2226
6994
7078
9800
3678
10004
1267
10001
6234
1747
10639
8164
4667
366
6181
7147
438
6780
9200
3313
6223
10870
5949
9468
10047
11809
9303
9999
776
4411
5339
7823
11170
6736
5282
10568
7538
6045
8084
8494
4102
8407
11495
10507
2899
8633
1580
7132
4988
600
2091
5596
8767
5899
5601
5389
3845
11846
9808
5128
6485
8466
1599
11848
11316
4287
10105
8034
3574
3406
10192
7794
8353
10985
6043
23
10080
9613
3688
9192
10450
1687
2319
6899
2683
11200
4591
1911
6474
10453
9665
995
9224
6243
6850
7105
8311
3449
4643
4974
4511
7643
7037
771
4817
5642
2179
8476
10756
5632
3755
4098
10234
8989
9556
2186
7670
9693
11265
8255
1717
1322
6138
6274
8704
8546
3026
4692
2640
5494
10113
9666
7534
11249
10902
255
983
9519
766
3370
10362
3493
125
5325
2480
359
7070
6460
6825
3438
9254
8415
6935
6643
3364
5952
7068
11850
2328
10729
10793
1867
6253
8791
8114
9846
6159
9214
1364
5945
9321
9496
10153
8121
2317
6592
7877
5407
2668
11972
18
11106
11496
1281
10906
8216
5353
4709
8816
7267
10167
743
5911
7369
9365
1502
3172
2014
6973
10874
1014
6971
8901
10937
11414
8356
4718
2617
11001
11651
11537
7166
6939
6192
840
511
10964
4396
3632
2436
1785
11733
9381
6000
6388
11673
779
6195
4476
998
8632
2828
11194
11501
1555
4028
9126
402
3088
10060
11358
4916
10345
2891
4864
7151
2906
4894
4466
11348
8332
10810
2213
5954
8538
5161
830
10313
1362
1025
8629
4747
4681
2035
5208
7487
7399
1069
3457
1449
619
5801
8489
3659
7483
6326
11956
138
10827
7433
48
10593
11942
8091
5168
2862
7690
7550
2153
5334
10174
5094
7373
1669
3786
4064
11504
10426
4952
7293
10267
6763
1268
3402
4219
4060
4397
5902
4752
1654
10140
2867
9528
7528
10618
10427
10374
6760
2338
8909
10605
5458
5398
4935
4767
10573
1125
3684
2294
9864
6024
8844
7848
10628
10122
6310
7836
10791
9009
7119
675
8541
2686
10142
6824
3652
5991
11736
1313
10024
4513
8390
8498
9880
11717
3541
901
252
1109
2163
2947
11338
11215
488
681
846
1005
4934
7728
2315
6811
2752
188
2720
7496
9348
5416
3951
5612
2387
4610
11318
8363
5703
8035
10820
8104
2944
5133
11647
10943
2630
8707
9657
9276
314
3385
11027
7452
1782
8448
11747
5102
4163
3532
8437
1804
6818
10802
11110
4406
2983
1452
1250
6978
5554
3165
7580
9028
870
10609
5866
7471
116
9679
8725
3623
4779
7421
4999
10339
6178
6997
3834
9548
9120
9398
2076
7918
1753
856
1314
78
5030
816
3384
5425
5792
1381
1099
8842
9828
3953
6316
2779
3139
1227
10239
453
8883
4137
8732
6883
6022
4006
9175
991
9596
2427
1933
6403
1278
8903
7513
161
6435
7025
343
10796
9664
6627
9013
7888
9396
10849
8718
2631
5800
759
9759
1505
1450
1403
8933
666
3489
9944
6808
5230
11404
4573
6738
4695
1257
6648
1586
2211
2626
4214
2966
356
285
2236
2459
11058
624
5579
1945
898
8735
517
6055
11869
5807
6297
1929
10969
636
1486
9766
1288
11161
11138
5874
5086
8123
1344
3315
7943
8059
9577
2260
4359
1321
5664
3316
11735
3407
11403
10372
2411
6974
2101
10590
4907
10863
9409
606
8431
3998
4049
817
6152
10923
2126
2703
3049
11057
587
171
5050
2943
1112
3766
4884
5961
8501
5965
10664
8640
7801
5124
3839
4633
7764
10589
4237
2214
2585
4759
9225
595
2000
8056
4135
328
828
262
3342
10995
2080
7279
10386
9663
1549
2139
9492
8758
2978
4068
9298
3795
11459
3386
6360
6518
10413
6565