1721
2544
1175
1100
791
1367
275
2495
94
605
2395
2305
2734
222
1890
998
2683
1668
2661
526
1999
2975
1144
1784
1802
2256
2506
2325
2867
516
1911
241
1026
2188
2334
2487
908
96
999
2266
916
2909
2537
768
2505
1389
157
2659
147
2694
1466
50
551
2525
2340
1342
581
1380
389
1986
2557
91
714
2090
1242
2815
1486
2680
2851
312
1955
1553
1278
1683
1531
826
997
313
741
429
1542
1309
2719
2373
544
101
2532
354
1714
1508
1149
2531
1468
2918
2493
1390
1855
1369
1341
457
2482
1803
257
293
1819
1751
2331
1656
2351
2533
2183
394
73
2972
1546
1315
737
2148
2997
937
454
593
1706
583
1027
1657
103
277
2664
968
2808
216
1814
1540
1121
847
829
1859
115
2365
1800
446
268
568
2120
392
1941
778
1641
811
358
2228
2336
1077
1275
1461
2177
1103
2575
1530
870
134
2030
54
1012
2957
693
1559
571
1835
2007
1408
479
1075
152
958
1082
2783
850
2577
1025
753
2667
2386
1201
1629
1204
1969
1388
1611
41
952
1537
1492
1398
1664
2464
2160
158
1718
991
1801
1396
2444
2874
2243
2403
2944
472
2107
2389
1407
2024
475
14
608
579
1186
269
2580
878
724
1205
2585
1272
46
18
13
1996
499
369
1582
122
1817
627
2715
2329
1758
420
767
1041
210
1720
494
2075
1021
1614
963
565
2949
491
766
1857
921
1494
1742
2981
2522
1227
1127
2995
1158
2098
1171
2071
1361
2033
2327
2008
2409
2257
322
2197
2069
1376
1883
929
598
1280
1467
361
1839
443
1429
2695
1157
2511
2018
298
2763
2320
1980
64
1806
1187
1603
236
2798
2797
1006
943
2397
1282
625
949
2274
2594
2932
1783
1686
1737
1087
744
1945
127
2618
2134
2079
2645
290
1563
1235
27
1872
2744
775
2282
2781
328
1943
2626
2604
154
452
351
1263
1254
276
2590
368
2621
2034
2201
2672
2122
861
2054
729
2419
1650
2431
955
2321
79
1988
2799
2870
2761
1141
1163
884
2151
1550
2324
1459
758
378
2573
2850
2169
391
1548
1290
1688
1391
1399
2844
2955
2466
2221
987
503
1770
895
38
471
616
1755
2974
934
2796
2294
2871
2297
933
2046
556
1300
2936
263
754
631
1964
2969
1874
810
1314
2928
238
725
1442
89
425
549
6
1439
1535
353
736
256
2953
869
1588
1055
320
53
1928
2769
1125
2304
2560
1260
430
1875
1971
375
2170
2716
1406
1652
431
458
690
1516
129
686
1640
1009
63
886
862
1713
2501
1847
294
311
2778
2745
1289
2750
2416
1223
466
1345
2599
1470
1084
150
519
712
2773
2202
1618
251
2988
374
529
289
1213
1371
765
2647
1453
2668
1421
2921
2926
2459
1048
2062
746
2772
460
2165
1914
2691
450
1010
1079
65
721
1625
1402
682
1072
2382
1590
1374
2782
1966
212
708
2364
1917
747
2129
1585
335
2674
2714
2571
776
2835
1931
240
2654
2097
840
1963
1990
1722
784
1719
709
940
1879
726
2740
2814
2834
1698
2251
2337
2731
1608
1503
941
1150
1675
756
2860
2499
193
1756
1409
501
2252
249
1062
1782
1022
679
2794
2400
2135
893
1523
385
795
823
833
1476
2916
2736
444
672
1241
866
2923
2356
2718
818
2234
1547
2308
1271
2288
2263
1643
798
186
2706
1529
2322
664
1907
455
2547
796
2644
2666
461
2171
2422
1001
1916
2019
760
191
139
1018
321
2470
2429
2233
2159
1372
1685
815
1265
2515
2349
56
1639
2241
2520
2156
2303
540
1143
300
2248
1930
2747
2219
1313
1295
580
265
771
264
1594
19
1482
1852
2606
1196
2551
2147
773
2743
1558
2509
2359
2760
2934
1274
1416
171
302
1464
748
1873
1695
1600
1927
1185
1046
931
2938
128
243
716
1691
2412
418
2065
1661
2338
1795
388
1302
1248
680
2357
1424
2785
1044
2265
2181
562
974
2688
1766
1005
1203
1231
2166
272
2164
167
2383
2133
1337
2527
764
1307
2739
1433
2524
2754
2306
2980
145
2280
1458
2279
1921
1745
337
237
668
2450
996
2182
2485
1401
1287
1496
710
1414
2623
2283
1051
242
677
2473
1922
654
2192
35
2757
975
1166
567
545
1985
357
1039
2014
2454
2828
2224
1243
2698
1036
2907
520
992
1200
2620
1672
2215
1919
2993
1336
779
2372
396
288
97
1268
769
661
752
2512
2849
2516
2086
67
2766
928
2284
2005
841
2348
464
1098
920
153
141
117
604
474
2996
1343
456
647
880
1324
761
988
521
1975
1381
1624
419
2646
2657
401
2994
2530
1019
1386
673
363
2880
151
1434
1768
1124
2291
2813
362
1993
2085
1465
1660
1734
2260
1415
979
1296
1798
2534
1682
2724
2564
1515
2758
2682
133
2669
477
2174
2200
2864
1097
245
58
2632
1346
483
2109
2162
597
1885
209
2225
1298
1393
2452
1061
2801
2096
2875
2494
2064
2704
2649
498
1246
255
993
1613
2191
1545
2523
405
393
1428
854
1214
2548
1418
1746
1974
502
2587
2026
406
674
2788
2559
282
2366
1212
944
2721
1226
436
821
1717
666
2315
704
2806
235
190
428
1151
2319
2802
2588
1038
1997
223
700
1487
2710
173
2549
1954
24
330
1086
2310
2582
2047
812
749
78
360
1987
718
643
1543
1232
698
621
976
220
20
2481
248
413
972
359
22
1083
2567
1788
1627
1602
1202
1568
804
164
2592
345
1377
1606
1378
2343
638
98
1780
930
130
10
522
1693
2931
2503
1595
495
2723
1866
1221
177
2216
817
707
651
1903
2268
1427
2554
1950
2244
112
1511
2025
1772
1323
2378
650
69
280
947
1067
462
881
2768
1536
1321
1332
1727
2643
2905
2092
2434
1119
1902
252
1190
95
2307
1630
783
1194
449
1989
1034
1604
1518
2309
2067
983
957
118
1764
83
2812
1142
16
2091
438
1958
626
279
615
2011
671
1777
703
569
1678
2885
2679
2394
342
9
2296
1312
2832
2208
1638
1207
1994
2887
800
307
2421
2376
2392
1066
740
2552
851
867
699
417
824
696
528
1011
2816
309
3
2619
1234
570
2455
860
1665
200
30
1198
1586
684
836
1110
2883
2873
2725
1549
2038
1478
1726
1197
1338
505
1195
578
575
113
2447
887
174
297
496
180
2136
1215
1659
750
2542
72
2379
465
424
1024
2863
2593
1136
1116
2770
132
2104
2290
2602
1849
959
1633
36
341
1576
1219
2615
2355
306
1469
577
742
1818
792
2656
681
2823
2576
1264
142
2886
954
1318
2729
440
2370
1092
530
1710
2439
2278
846
1765
2639
1850
2077
2457
1561
1404
1687
2250
1145
1868
1071
2206
1635
1967
2872
691
285
1771
2663
2842
586
1183
2817
1956
592
108
1733
644
2352
1257
51
1502
1209
165
1352
2735
2951
685
2082
1908
623
247
349
1165
1841
1897
343
1825
121
1876
1008
2124
1910
2163
2608
896
1716
533
995
738
1843
1105
1895
599
1616
421
1035
2488
1834
919
1448
2940
1447
217
2391
1946
1455
2194
1884
1359
2023
1093
2381
287
2717
2614
2670
1580
125
2700
965
2326
42
2922
705
2628
2536
315
2189
2892
2332
743
1154
2486
168
1351
1003
2686
49
1004
2653
2607
267
1904
1210
170
1539
1206
137
807
2218
2642
1794
301
2258
822
2374
913
2161
560
548
2420
1164
596
2273
2911
2237
2350
1729
2699
1827
1534
2990
2919
1192
2962
830
875
802
224
889
1662
1054
770
2430
476
2210
1767
2184
379
124
1934
550
2819
2651
195
1776
1358
1736
2989
85
858
1176
1856
1740
1615
1880
60
1892
2500
1028
1609
2275
172
2908
1658
2977
924
159
1017
1472
1623
946
1861
2049
1354
146
1959
376
788
1435
970
904
2596
1701
478
2261
2937
2678
610
2402
2779
2792
1763
739
397
853
2411
2362
2142
1824
2028
2137
2465
1045
1089
2810
2115
2899
2010
1894
1821
2999
1440
1823
793
538
1102
1091
1828
2330
1842
2037
1356
1913
1013
1094
1786
2099
1306
2298
1748
1554
2432
782
523
1976
517
2204
1753
364
2000
2987
218
697
2406
1773
2784
2897
119
2375
2245
1637
935
2055
2624
2914
1572
215
416
25
2839
114
2289
2510
490
2960
1479
1761
2648
1052
962
100
317
1288
1488
2168
1432
1443
1557
2138
994
2943
1147
2119
2635
1631
1565
594
2692
2317
809
1135
772
2556
1838
1333
1836
1225
2933
2154
2600
144
687
1217
624
1208
1837
907
2805
1108
1480
1644
2755
938
57
2076
1193
2579
2255
1666
659
81
620
1249
2390
695
1328
2185
535
1379
2259
2117
1938
2058
759
1556
2417
706
971
1292
2749
953
2543
336
2468
1050
75
1510
1774
404
1317
2930
1172
230
1599
1498
719
2862
1420
2408
1848
1551
882
789
62
865
2209
1709
2605
2453
868
1789
574
1229
189
2056
2344
2610
1167
2837
2094
2387
900
2915
2843
1732
2508
2141
2152
1239
295
1101
1620
2942
488
161
1984
176
612
1259
1796
433
2963
587
1575
1690
2830
787
1832
2477
44
266
1775
2845
1909
2126
2262
2404
2106
2790
2518
702
2443
872
1797
254
1294
899
1524
1033
1485
292
614
2145
2287
1326
2634
390
445
1070
828
1889
554
1906
2713
2312
552
2902
2123
1972
2958
71
204
2841
334
47
2961
2316
848
1560
1037
2323
1179
1128
1583
2333
1114
184
2811
1808
1878
261
2894
2676
1923
1790
2176
1031
318
1951
2550
1015
1320
2866
467
2622
2910
2912
591
2293
1532
2446
61
843
196
1216
1520
734
228
2513
514
1283
2474
1173
1968
2080
2463
402
327
1799
1621
2976
1970
2941
59
2793
2146
1078
207
352
1696
1411
372
1238
566
28
1115
1441
11
2776
1375
482
918
2730
2238
2015
1692
1918
1731
1743
338
1506
1335
5
102
74
917
1826
645
1708
1514
1392
1473
2051
316
2220
1258
2214
1636
2144
2570
414
1347
1331
135
546
2859
1088
635
1925
751
559
1410
1567
2178
201
2401
539
2173
1120
1146
2906
2074
607
2825
1527
2917
239
2959
1634
2384
2983
90
1425
2029
1992
504
2558
1413
1057
2673
12
1752
1935
803
162
1065
86
1266
1649
2203
2285
1137
2900
1566
1261
1844
2113
1757
2865
2371
1189
323
178
1501
2578
675
2016
80
381
463
2451
757
630
905
1920
646
2249
2059
801
2318
820
179
226
1669
912
2045
400
2803
1681
2956
2948
1673
2441
398
1483
1960
2121
2009
1809
355
273
511
914
1155
1112
2952
508
1723
2756
863
1965
780
2924
2846
825
1854
1122
2889
2139
873
1152
876
2795
939
1647
2428
2541
2684
367
2295
755
982
985
942
1646
138
915
629
2398
2707
2143
1926
459
2031
2114
2377
2426
2675
1069
1617
15
1244
2002
1174
932
2831
922
84
1948
1957
1222
1490
1846
1833
2836
1579
1871
1099
1759
2971
1862
2553
902
950
1073
2277
563
480
1804
1815
1279
2313
2855
1047
649
2149
2856
1929
2302
2852
2611
1569
143
1760
2003
2574
543
2089
1699
2764
2410
2267
2217
2566
2774
648
2407
871
1481
2448
1728
609
1113
2066
66
304
670
1484
1450
537
1169
2199
2057
1340
1162
2561
2230
945
2901
131
284
2471
1601
427
1820
1224
2360
558
1153
1677
250
720
205
2895
1939
1851
894
1497
1898
589
2920
2480
1319
1471
1961
2111
1654
1500
1573
1793
1140
1739
1978
408
1014
2662
2492
639
1697
2598
104
2021
2991
1982
2363
2529
2767
310
1460
1256
1605
1032
2584
506
1236
897
2954
2226
2696
1597
1577
296
258
52
1181
989
156
1293
2048
270
332
1284
1349
225
384
1749
1526
1064
600
813
2445
2354
1525
2436
2966
1370
2631
497
1412
1915
2853
1822
1489
2264
2240
1126
2043
227
350
2068
1344
1700
2603
281
2891
906
2888
2705
2472
956
1607
2521
87
136
1528
2102
2300
48
2535
1384
377
2172
1308
2528
331
183
2970
2597
2517
43
2140
633
2581
2786
732
2153
2399
891
1252
1995
2328
844
1423
1253
2180
347
2555
415
2281
1281
1267
2462
2041
206
493
816
642
967
426
1538
99
1139
1422
794
149
1002
1779
1816
2195
542
660
2884
2689
1168
2100
667
723
827
663
2110
371
55
735
1512
2083
1250
585
380
911
1507
2595
2697
2415
2187
2022
453
1134
1042
669
1431
534
1148
1725
2780
1622
2568
730
1864
1180
532
1730
2685
1311
197
1156
1522
2039
1383
927
948
1161
1747
1998
199
2984
2125
76
2630
1715
510
2616
1887
1382
160
21
106
2060
936
2913
1444
109
1555
2741
1533
797
657
923
283
4
2701
213
1373
1805
1385
1589
1893
2105
1860
221
2227
169
17
2711
500
1118
831
1056
2800
655
1111
399
2546
356
2751
2423
762
1738
1177
774
1645
1182
715
219
386
468
1702
2789
1445
1462
2478
1199
2821
909
1521
509
1334
2388
2947
834
2339
2968
553
1286
1130
82
1684
883
208
2820
2088
1653
1339
576
1350
515
2929
966
244
1451
88
2613
2890
2826
1452
1711
1366
611
1791
588
2925
2112
1867
1591
864
689
606
1562
1159
2777
1446
1237
1598
2271
2538
432
1417
676
901
2591
1405
1081
486
1233
365
1676
2833
628
271
1663
2609
1936
1269
1610
2898
555
910
1667
2414
1869
325
253
2078
632
1330
2693
1362
990
527
2589
1129
485
2946
2132
1570
437
2101
422
2050
2036
2637
2253
781
1712
1762
1781
1270
326
333
2167
1655
1552
2385
874
441
808
2393
1132
722
2658
1191
2483
2945
2671
1304
339
1769
2479
2652
1023
637
1029
2438
2858
2504
2442
2131
1979
2927
2435
849
45
2084
470
2985
175
1981
181
439
2583
1059
93
2254
1785
1944
1940
1495
2118
1853
140
1744
387
1387
148
1007
2425
701
603
1170
2
229
622
619
1947
1694
653
278
2748
2475
1068
1619
2205
613
1403
856
2196
2539
1305
2235
1040
1865
1807
2878
573
1642
2690
2720
2286
1689
1829
2361
1962
2346
395
1245
2709
2231
806
2978
2246
2703
2013
2514
1437
1632
120
1449
785
7
839
662
2301
1303
1395
2627
2108
2982
1881
2087
2433
382
2004
259
202
2722
1060
561
107
33
2006
1544
410
2179
2857
1813
986
652
531
2456
2633
166
814
1220
2489
40
1596
564
442
211
2708
557
819
192
383
1117
1076
1160
2175
1899
2449
29
925
185
2427
2063
1840
2660
877
1513
855
1365
31
2335
2939
2765
0
2116
1509
2771
777
2638
602
2198
2677
2950
447
601
1218
984
1812
2128
582
926
1438
2032
370
1886
1674
2563
481
2270
1564
2229
634
618
1457
1863
2369
786
2877
473
2496
890
2791
2460
727
2896
2762
2458
1247
2367
1188
1612
2629
2809
1178
435
547
2103
2358
1063
1368
832
2155
188
155
2020
246
2272
2746
2368
2807
1020
1905
2498
105
2502
1357
1901
2081
1942
23
2829
888
1896
2636
2986
411
324
1430
231
656
978
1724
2469
68
1285
2687
1648
1277
234
1394
194
1973
2617
187
2001
2612
1355
2212
2507
2787
1991
2017
2827
1131
262
2211
2879
2044
1888
492
2418
1932
1273
2207
303
2061
1123
1983
423
1364
2073
1211
1310
2497
163
1626
233
1705
1095
1491
513
799
409
2292
2868
346
92
2223
1707
2396
1924
2236
2998
1750
1316
2625
1107
308
2213
2738
1090
1858
1584
1505
2848
407
198
484
711
1977
412
1030
512
2861
1
123
1741
2040
2569
34
2727
1578
2572
2052
1096
728
314
2973
2565
1541
286
2027
366
2562
1671
1937
1419
2804
1016
2461
1830
2247
1477
2130
640
2964
1230
2311
692
1845
2484
584
2242
2979
595
678
731
1592
1058
39
2775
1949
903
1291
2035
2186
1080
1571
2072
1348
1397
1593
2467
2222
2232
299
2665
2904
1109
1735
892
232
763
2437
2276
961
837
2640
182
1754
214
1519
1000
973
1276
2012
126
2342
2405
1891
1679
116
745
2127
2545
2752
1628
1581
590
1870
1517
1106
2732
1400
2903
857
469
1262
733
617
1704
329
340
980
964
1792
305
291
2314
1680
2967
2540
1184
2854
1778
2353
373
1574
344
1049
2526
260
32
835
879
805
1900
2759
2818
487
859
2299
2753
2380
1043
70
2190
636
1456
2840
448
1325
2702
2712
110
2935
2519
2042
960
2158
1810
2269
2869
1882
1297
2847
1475
319
1299
1329
658
1831
2893
2742
1255
2341
77
1651
2345
1426
2992
572
536
2490
507
1933
2882
842
1877
1228
694
951
1240
1301
2239
1493
203
1104
2876
688
524
2881
274
1353
2601
2681
1085
518
2586
1363
1074
969
898
2347
2053
838
2655
977
1463
1053
2728
790
451
1787
2733
1474
2650
641
1912
845
1703
1670
1504
2965
2641
665
2491
1436
2838
852
403
2822
2150
1251
2193
2413
111
1587
1454
1138
2440
1360
1811
541
1133
8
348
717
2093
981
2157
525
1499
1327
2070
2476
1322
2095
489
2737
37
2424
1953
1952
713
434
683
885
2824
26
2726