6326
14956
6312
5200
10341
10954
4725
9212
5609
15175
6820
1486
2900
642
13826
12629
6189
7926
3393
17728
3280
5260
12366
17239
3264
1056
8272
15135
12153
12103
7234
1817
6399
12321
9028
15683
17192
3716
12382
8600
9631
6854
2460
17856
9639
13958
5001
2507
15137
14694
16253
5851
5401
14498
13361
4346
10498
7885
8775
8172
4871
9988
16218
4080
3297
7261
1243
15566
9368
15809
16540
5844
16720
15475
12781
762
3294
13592
13347
16204
16222
11041
7033
11134
10077
9923
16884
5798
14069
221
16197
11753
15188
2377
17132
6128
13754
6616
5534
8046
17809
7675
17788
16394
2549
15148
11029
2221
4866
7354
8385
3089
1985
5150
2992
11123
6928
4860
1364
14670
8057
761
16734
6585
8268
5805
607
17887
11661
11799
4610
10149
14473
1075
2538
7142
8398
16125
15768
7931
8627
5509
17431
4507
3422
10166
5918
2742
5211
8818
2772
5487
15254
1659
177
2218
546
11507
10751
12466
11834
5167
1785
10604
3653
17481
2132
12049
5705
10403
13526
6486
3748
9307
6259
17717
16235
6742
1429
14533
16513
970
8690
908
9888
1156
156
13072
9665
6328
10168
14227
5477
1185
6813
12270
14989
12151
8468
11396
66
5370
13860
14026
6630
6444
5998
17399
8648
7468
8333
15386
4803
10779
10549
4534
11621
2971
16495
4970
10744
9604
10852
2779
11411
9680
11094
10956
4682
13484
2946
16104
5105
2940
12955
17442
14352
16612
12145
15197
17608
5546
3669
1372
15817
3063
7111
12282
15526
5126
6605
10086
15194
5353
5147
5765
9613
16756
14004
16453
1999
13427
17735
4981
5560
16341
1835
8331
11931
13332
8795
7881
10677
4845
6972
2578
8892
2671
11085
5446
8678
17678
16009
9265
5219
6130
15412
5668
3727
15999
10404
17488
6601
14622
11328
12392
14039
7958
64
4312
9713
4786
10840
2680
3374
11955
4735
9736
13186
1743
14395
5414
1226
7338
16228
2919
7823
11805
9936
3095
16357
4428
15820
16335
7956
3750
13909
6942
2589
9848
10448
10873
1411
7875
721
17186
12564
15433
2189
5470
16172
7264
2450
8279
14755
9558
1910
10148
6903
2365
13408
2835
14229
15028
7743
3988
13821
6988
12211
4058
4508
16765
8830
5949
4347
545
833
6054
5744
10058
17686
5524
16786
12230
2314
15553
6497
3894
17444
9955
3458
1907
14403
12766
16307
5233
975
10666
12508
10521
2575
7983
5262
5192
2644
12182
149
16533
7159
2324
7297
11525
14190
15919
3272
15216
9022
11566
4343
16994
11265
8844
12494
15268
14813
2348
3075
6696
1078
10906
9891
5009
13831
1603
14066
9807
2307
1600
4355
3662
17193
8092
235
10800
276
10586
7724
6065
11644
92
16985
16247
13781
10214
7266
8217
1251
11629
15298
15531
10040
8489
2169
8395
16648
6068
12991
5421
7720
9523
12179
12964
1459
4049
14130
4810
17651
14942
10808
7966
2099
5503
2547
12849
7804
8501
17321
3808
10758
2490
6730
13644
792
2426
188
7056
11349
17572
17368
4261
14861
8832
1855
13512
824
2063
2173
849
14680
12793
14387
13009
6118
3810
2630
8058
4011
17175
17885
3813
1310
24
1687
17896
11171
677
10020
2195
11371
7228
15917
15123
8089
11975
7692
17270
11246
11827
13539
2659
10418
11007
6989
11466
14393
1005
1632
286
5143
13438
17257
12020
1673
2890
12274
11071
2118
15592
5148
15363
9906
8673
13457
10482
1157
14629
7924
5575
2155
16893
2778
1804
10903
9105
17496
477
7360
9228
15969
1797
14134
12692
7461
5726
5495
17440
5005
14303
10011
8801
15231
7868
4109
16461
7503
3147
7209
9482
7741
16398
6690
13409
16667
10184
12935
5306
12928
10159
12391
15732
9835
10711
887
13653
14836
7711
17197
17983
10829
5391
16646
5517
11559
16604
2148
9531
6190
12528
17576
12240
16925
13291
9289
2931
10900
10398
3336
4317
10133
1526
13398
1410
13750
626
13736
10494
1601
12888
6938
8045
2106
15924
14245
16657
1615
5160
14377
7513
16013
2990
13054
2755
4643
6398
65
3303
9798
15540
16716
10911
7312
14055
5954
409
2923
10081
6947
5667
1974
12136
13184
8253
4445
4145
12003
17825
673
5061
10547
575
537
11143
3537
1763
5078
1518
9720
15503
11485
15524
11656
5419
5692
10420
8442
16023
2693
9799
16273
10488
16396
1283
12107
7009
5101
10099
3714
591
13551
17487
7235
16045
12349
2325
15591
3829
15205
8511
8828
5573
6023
10332
1560
1144
523
10865
9816
16069
4421
5079
15317
14396
12988
11147
6950
13223
14416
1784
3038
10636
14032
17513
8634
12972
8318
5327
3898
10619
17108
6409
11458
13147
11169
5267
6471
122
7425
9019
617
16679
1741
16615
2251
6109
7372
3002
6785
16865
17084
1339
15725
12687
9415
5997
10895
4108
14111
7684
3930
13657
5225
1447
4075
13817
4054
10393
8836
3453
10820
8514
9391
1141
14259
6025
14651
5345
2410
7144
14302
11461
10405
7532
7779
16084
9827
12219
8231
1436
3305
16236
7637
13276
4023
8249
6822
1223
3956
1924
6201
6876
5220
3622
3266
10872
13000
3115
17253
13018
9042
70
10430
10126
3740
12910
6718
1011
10355
7428
11631
17685
15223
7434
14006
12273
14662
12525
1889
14593
5572
15284
16410
11295
10425
15648
16690
1235
1359
16355
5392
5602
16281
16243
8053
4191
7023
6102
9057
3142
6607
14098
9610
12386
4687
16348
11157
3598
8725
12390
4307
10968
3579
14804
12950
6135
7405
15624
956
14750
3124
9390
11452
14661
8117
17966
340
35
2355
8324
15714
5919
13808
3433
11374
7773
3008
17762
1764
592
14840
2524
14604
4912
4847
17829
13028
11685
10114
16687
11112
14514
7219
10244
8710
11345
11601
8583
14222
7432
13892
3826
13407
323
1730
15638
15403
10201
5449
4952
5010
9788
4059
430
14508
14475
16070
7307
17926
10787
14063
12674
17085
15541
14999
7018
12046
2747
4705
2529
7005
5190
5874
5831
3873
15633
10076
9606
13902
1522
9790
7528
11335
12984
7232
11459
958
16550
3432
7709
10102
1095
15814
8284
17759
15632
616
7238
15603
16896
2489
6123
15184
2018
14102
13980
4869
15474
9773
15997
15283
14390
10010
7036
2822
16114
2028
1249
5008
5006
5385
5087
8700
2911
11413
2065
3979
14398
7311
1712
13318
11593
12021
4458
17581
7316
9947
9296
820
15428
9139
9128
2383
14595
7750
13334
6459
1881
17675
4891
14699
12367
7050
2968
6119
9586
10154
8736
14232
15681
11372
4327
12644
4570
6460
3267
16747
6480
633
15501
4897
696
391
8887
7506
2631
14027
17818
4155
10971
5420
11709
14983
2770
15140
9847
16139
8454
4408
5701
9063
15663
10776
9838
13443
9101
2602
9
3675
10188
3811
13447
901
2531
6387
16017
2750
12631
8615
17173
12670
8636
15879
4089
1117
5512
2199
7809
12071
7240
16626
15790
15171
15448
3723
957
5599
621
1041
14849
6495
16317
12360
11863
16741
4655
15534
5063
3191
869
5768
4839
8869
2417
400
12249
9433
6223
5455
4057
562
1422
3289
13063
15786
4932
11351
6602
9297
5249
11179
5922
5007
13212
16424
3160
13462
3884
12454
6403
17770
9864
15902
5788
10092
3205
13916
7152
14943
6053
4290
13162
17668
15465
6381
6620
4553
11674
5290
10016
686
16092
6275
2164
7441
14785
1365
10652
2027
593
10437
8378
10613
16086
8822
9506
12735
3081
15863
14147
1803
12563
15875
9240
5633
4597
8072
3546
12448
12925
3254
9189
3626
6863
16523
10481
10791
10592
13088
10101
9219
5880
9298
3503
13979
15644
4826
5015
2421
11441
5710
6649
15971
7827
6888
7462
12426
12093
11721
9660
12780
15614
1370
711
9454
15533
7996
7914
7322
4817
4492
16543
17066
6113
2367
1929
14024
10727
13765
7745
9521
1892
1508
10899
11749
3599
9053
16674
6218
6241
7072
11287
10263
14616
7259
4219
8076
15306
4182
17385
17020
5938
4718
11132
14510
7302
4564
7886
7614
8246
17565
16483
16326
7400
13575
16347
15870
4941
3699
4253
7822
5071
10329
6600
1435
12299
8176
13758
8327
9135
17121
16810
17615
4286
12052
17349
16700
16447
5857
2650
8359
62
11484
6016
3876
5066
9990
11628
2008
8413
16903
7480
1407
2762
7922
8322
15693
9033
6078
704
7325
16972
8439
8444
13396
6935
3363
6844
3397
1225
17129
3541
13878
15576
5980
15394
17273
8141
17433
8296
16257
3907
1884
10527
10919
300
9885
6996
5955
8695
3378
15805
7716
10538
8901
14445
5558
2905
12891
2716
10963
16007
8484
2922
4968
15779
14797
14800
15608
2920
17638
17302
10657
5021
6542
9160
10369
4960
10789
3268
8462
7940
11369
4025
11105
13422
7270
16568
9714
4615
8038
10537
55
6239
951
7484
13127
10280
17806
4335
1146
1597
228
13803
105
7634
17437
11782
14903
15764
7046
9058
1354
1905
2657
17709
11627
1245
10357
6287
8460
15961
16986
2457
15114
6983
12435
102
2424
17843
7253
10260
4831
3476
2720
9364
12319
4103
9079
13521
13836
8338
8313
1487
16360
2839
16279
15670
4268
4053
6462
11479
157
9046
13241
12150
14117
15145
3730
9096
16200
17103
13871
896
8023
1622
159
10472
13908
882
5197
7561
16941
12794
3111
4367
6779
15572
13559
15995
14185
11044
13588
2091
2303
8116
894
14744
9554
13536
13251
14658
5194
7103
11131
917
2591
341
16409
12886
6183
842
9332
13737
10458
5928
12085
2114
8701
3757
7137
5269
17213
11970
13005
6843
7273
2517
2167
8267
7753
13442
14938
16486
6621
6818
3527
13625
15718
10610
11921
8240
17958
3037
1963
11222
15161
7688
17578
8031
2380
5987
5038
10199
5764
4918
17232
7465
6872
7178
942
1134
6537
4127
9927
8530
10749
9620
13378
17033
1294
17635
4935
11190
6702
16776
6698
234
3078
8512
12727
3483
13555
10395
5378
3893
10301
15473
6087
830
8435
3825
8070
17331
7596
143
866
5289
16809
11266
13723
15837
14405
14689
17903
9352
5836
14928
2446
11619
7587
9787
7216
13153
16265
10597
17512
5136
5387
10750
7845
5107
17522
14648
700
12423
11234
1565
10857
9917
11738
11121
11837
7615
5264
12400
9951
6691
1640
2588
2554
2299
12213
5952
15740
10950
12981
858
428
2854
11605
11406
578
17600
11947
15130
15523
14517
14215
17495
4139
15243
1030
6141
17514
14376
14408
12326
9535
9593
7991
8979
7844
1355
360
1398
5896
5501
3114
16755
12526
6793
16545
10792
16517
17071
13222
13991
1237
288
9909
2995
8133
3461
14810
17749
5367
15934
10274
4154
13056
6438
11996
1514
13265
345
4821
13534
2
11708
3108
3690
17537
15484
1168
4379
13440
7373
9508
12960
16356
5863
11090
11220
1159
3242
1466
4840
5671
10894
1298
15630
7120
12187
11902
16951
5117
16770
2405
3069
5381
16395
6752
10717
8024
4864
16131
14370
17409
15152
2802
10316
15396
15280
16130
12238
1304
8763
17215
6197
4283
10572
14331
4325
9647
15307
191
17865
13117
16115
7570
15388
10826
9818
3129
8149
3151
12940
9547
5608
13573
14854
17174
10253
3569
11061
12156
297
6454
16266
4511
10177
2844
8194
11914
13083
322
11269
7765
12475
16901
2295
9270
8923
1848
9044
4487
13667
7241
9389
11700
16366
12363
307
9013
63
6337
13120
15617
9795
11699
17573
15425
5526
14153
12421
2947
12660
3650
16811
10181
13013
13154
9682
11983
2416
8423
10013
11524
5854
15032
13730
7942
8536
11235
16677
8817
973
15628
243
10822
8545
10352
16968
17288
16751
15007
14846
10091
3277
3588
5563
11063
17586
4038
13350
12966
11303
5580
3040
10115
10866
8585
6582
2026
9188
8348
4073
1160
17476
11186
1927
930
13395
7591
14389
4414
9757
17634
13169
11245
13331
1827
4963
4833
11563
13081
8659
1895
13262
14176
13649
1057
5181
3691
11599
2350
11748
7892
8555
15076
5901
16910
3512
4928
6496
2024
15419
504
11933
15581
6529
8656
15801
10194
4356
13735
15869
14019
6227
4147
5532
9464
6300
11158
16796
11595
11419
7170
10401
9127
12346
439
7571
9663
7811
16558
15892
4967
17893
16504
14013
17426
16800
4095
10888
709
10289
10627
10247
13853
3188
9692
514
10031
15493
12035
11330
9595
1986
9186
5412
2532
12523
17855
7101
5514
17260
8445
17082
13485
14705
5497
4524
11341
11554
13725
13708
1714
10557
17658
13982
697
4739
3276
8691
13233
17198
4710
8506
2442
15720
13034
4822
650
12431
9789
11990
14960
15348
741
5875
9893
14353
5643
10299
7691
11135
11126
12865
3048
15744
5848
4247
15107
17562
16329
8251
15637
3667
10345
1874
6998
2694
13728
14850
12926
81
17240
2795
4757
13173
373
8992
6858
16297
13600
1024
4441
4683
11502
15836
12509
669
13314
4529
9222
8081
13627
13254
10841
11669
14226
7181
895
5834
15299
2676
1812
5000
11324
11626
9375
7576
509
4144
17348
10167
4613
2260
16864
313
14381
11527
3497
11212
11579
3148
1158
6353
6079
12859
13868
17263
10257
11074
2682
479
14633
4272
8307
14693
9958
3888
8236
5820
7993
3179
802
2724
9596
14037
15323
548
9230
3762
10094
11541
5689
6416
9524
13468
14681
16404
3093
11025
12592
10612
9358
17796
13025
1875
14472
9393
3846
2394
11357
4158
13764
6936
9024
3258
14028
706
13717
17191
17413
3005
14594
6385
16103
5625
12295
17653
17201
17905
6207
6598
9169
13181
14157
733
1020
5089
1935
2967
15964
13007
4143
4804
5882
388
10066
11030
14775
10984
9245
10508
16071
2252
10366
10049
17839
3464
4552
2634
15339
2390
5400
3525
5502
11584
52
13022
8967
9448
3177
7250
7518
11068
14713
12247
16830
13987
16689
6970
12765
5976
4303
4060
1066
9241
14144
1789
8792
5595
12115
17428
14596
2679
8037
11283
3519
8165
75
6715
10848
12055
11385
5382
15459
2942
2060
3516
12883
2485
15841
15356
5785
16537
14939
4398
9356
8805
11608
12123
11232
4746
8752
14871
9250
1273
12336
4194
10178
17112
8774
1547
17146
9542
10937
16499
10254
17611
3962
11750
8531
14124
3039
3234
14571
6404
1284
612
10211
1270
2165
3389
691
13628
3533
12516
7486
1762
5261
2112
1745
2586
10976
8757
12350
12539
3978
8854
1291
13389
13971
13976
15391
10313
850
1566
2829
7527
5881
15525
10830
5481
8790
14756
3455
179
5204
17458
7298
4257
5849
8401
11935
5100
13511
15538
11764
3449
14231
10098
14113
5275
2016
735
5714
2534
12615
14545
8933
8643
15962
13865
10111
12097
5012
15463
17420
17372
2342
13981
12721
14477
6797
2601
4457
16636
15127
17035
4282
12441
2690
13998
12833
5839
1543
10204
2780
6949
2885
13487
13388
10917
9036
6142
5550
2369
1839
9089
5775
15099
17411
15360
17676
17424
3965
16919
13950
14583
872
11857
2957
15845
10143
3909
7912
6974
9150
14152
9615
7806
7439
13626
8726
30
6443
15407
843
2237
6429
4129
11854
14492
11403
8809
12652
455
12121
8386
3782
9015
5162
14126
8740
12656
4902
8101
3520
11840
9641
6590
150
8455
3140
1828
12683
10821
8137
14566
17951
16614
8857
10614
1841
11833
15331
3933
3847
6909
4102
10486
16627
12917
13655
11861
8199
1007
13020
17969
39
3941
4474
11616
10297
777
13854
2862
4455
10490
7969
7132
10015
6089
2392
15079
4638
2425
2997
5364
16967
11195
15811
1039
5056
2182
7083
15932
12344
17100
7369
15700
16110
9981
11500
8088
14815
15035
12661
15667
7064
3553
14050
1232
5020
4426
7962
10591
13497
2217
395
17464
7291
14364
16485
12770
11450
13713
11562
17882
8941
10210
2258
8387
61
9000
4846
14640
3338
631
17661
11188
14579
9300
8609
6810
13503
6217
16654
9783
927
11475
16748
2619
2656
15437
9100
16478
16595
6413
338
3775
6636
2240
15084
2526
13470
532
12245
8174
9398
3618
7805
2283
4274
7884
10745
1224
8391
4364
11444
11381
14838
12839
3535
6436
15443
5906
1253
6461
4854
7171
2505
6246
6094
10417
173
11580
13469
4295
2368
17272
12048
6775
6963
2053
11912
4394
17592
787
15652
1280
7512
14537
17820
10464
1402
17956
7031
11973
1579
12166
13304
17697
1032
11115
5255
17028
3802
15923
17102
15404
11635
528
16196
1044
585
15228
15550
9925
5423
17478
4464
11785
14261
5464
6234
1353
5749
4500
12297
6848
12428
4544
4873
3135
9351
2070
1209
17023
15116
5684
14046
3705
5620
6666
6645
493
13364
5566
15492
1652
16160
11744
16003
12410
5750
6432
17525
7370
14766
7355
13616
1951
17913
5708
1962
7762
11534
9126
16077
15452
9580
14321
5482
8109
16785
4270
3396
13142
6364
4779
7927
925
10947
5641
15831
8180
16207
808
2062
51
11288
10785
16153
5177
13824
940
432
15794
13571
16538
1625
538
10507
8913
5639
2599
11079
8210
12709
9416
8159
210
9142
11878
8078
14239
13607
947
452
13042
5276
14909
7816
12792
17483
236
7440
15143
13053
13274
8580
1311
1539
7566
11735
558
3617
11982
7695
15327
16146
3062
16813
9765
14673
1965
16439
3510
6268
9141
8519
11862
3530
168
482
5302
15078
2476
6175
10397
325
10540
11607
17666
17353
16051
4316
16128
13930
15741
3794
3035
9960
662
15867
1662
16165
6934
3437
6672
6073
11514
14608
2050
1186
293
11100
14120
3386
15690
17271
922
521
5298
17044
3361
5905
16373
10513
9910
14080
14821
12159
15546
7418
3590
9167
5927
11113
7757
10226
13703
9772
11938
12291
13513
10343
1842
7761
8522
3170
13386
14606
11763
6349
1810
8100
7407
10303
13372
4415
4943
16801
5022
11326
4215
14322
10288
16420
16939
14218
12565
15585
14189
11930
3399
8402
14002
9355
2618
15462
4086
12001
12783
16319
6515
10422
739
1911
2831
14506
14892
8376
13182
9409
14146
3558
16853
7260
7247
3756
6866
16749
7708
15788
4691
14753
4476
6180
402
9335
3493
3300
7654
5864
16814
5835
9516
14686
3073
5206
17301
16016
17406
1774
8635
8075
4499
17423
7731
8443
10533
10460
5195
9162
14267
4770
10850
972
3439
7450
13670
13569
2660
292
13565
598
10596
14858
6634
2803
553
9121
13863
10620
11107
16427
1602
2584
12729
4181
4849
16199
7573
5296
14211
334
10
1070
1105
357
10082
1017
10285
6319
4381
1843
2458
11481
16995
10087
3946
2374
17805
2804
15449
4047
2856
7953
16066
10354
4604
12337
7167
11560
7850
14867
14806
12451
343
14717
1161
3059
15220
7412
1791
17585
6097
8682
5173
6236
10363
16890
6927
10295
10563
16769
12412
13150
10988
6887
6219
17212
9317
12937
5274
860
14338
10875
6544
3025
12397
13122
2347
7960
5324
3217
11667
14520
16240
1248
10310
3047
6662
7767
5141
845
11180
15426
4200
321
15671
2959
15018
13465
3897
15432
7560
4736
17777
3182
12054
11668
11270
17080
13698
1190
10145
5018
6738
14499
8591
15308
8509
16332
16415
1754
13888
8939
15804
16418
1949
3576
15762
9996
6889
14995
4588
6933
12486
10463
4322
3238
11364
17672
12803
4878
5812
8970
7088
678
14422
13327
6924
427
1065
1950
10754
5457
1176
3552
7139
767
9417
11109
14264
15911
668
3867
12132
195
3340
3263
5897
2119
3865
15156
4704
13939
6410
14077
11473
11352
10763
10709
9860
5953
5310
6592
16828
17024
695
2351
11949
5702
4986
12801
14834
2627
12033
9201
15876
16185
383
14210
13097
5795
10516
14502
597
16501
17104
726
9687
17833
6778
9051
1614
14252
17031
6370
10686
14150
4324
1125
530
3850
7442
8320
515
14966
7883
14914
5966
3199
8968
3042
16746
10934
3286
2955
7507
17410
10172
9764
3729
1143
6570
1063
3118
11294
15442
16451
17876
9769
13191
8371
4816
8525
7371
14276
13768
13106
11015
8358
4850
5845
918
15136
4052
7978
1084
13285
16542
15090
1037
11081
16962
10979
7674
16761
8130
4491
14429
14721
14271
8598
17375
15780
3680
299
16856
8306
8993
4172
10539
12482
7107
3874
3726
5879
15482
9977
4583
14723
16254
14052
1241
11156
13419
9260
984
113
4124
10978
10748
3474
1778
16977
2246
976
14708
12736
939
5283
1994
10037
10043
7283
15353
14487
14969
10205
9052
17791
17826
17687
17164
15215
7648
12073
12275
11853
8029
15141
7937
2590
4733
16781
17293
2021
225
10719
13075
17963
14425
16436
7104
10796
16058
15282
1254
17119
2087
17849
12371
10074
3154
10638
15622
5116
17330
17052
16728
11380
4560
13848
6270
16772
12795
12359
738
3407
3592
3809
9971
9685
17688
17748
10068
12700
16818
1417
12999
3532
1145
16005
12276
3722
4787
3791
14936
6002
7201
79
2393
6100
13577
9858
12501
7380
2078
710
16707
14818
10387
3013
14907
2210
13605
4688
5792
469
14468
90
12975
8833
3442
15001
6476
3566
8189
9926
798
10982
8215
6027
10122
2408
8056
2564
4698
4965
10983
1275
4068
629
1221
4754
7299
4156
17208
14181
1750
12308
12395
17918
17544
8716
9671
12354
11049
8219
15472
10008
3137
12737
1494
6313
11108
8282
11218
10860
7496
3004
17374
4865
11686
14780
272
16342
8161
5742
16320
14536
16682
3261
1090
10640
9187
12733
11867
16958
11649
12551
4526
7851
8626
8749
11526
1958
9749
1344
1818
977
16274
6716
15221
6354
13301
15210
5856
13124
6991
17681
14543
17338
7577
9093
10782
16296
15292
1735
12472
10284
8285
17013
17631
16136
611
4875
3603
16576
5039
2037
1788
15655
3257
14334
12908
8040
12242
1752
14507
8271
12633
3712
3028
5931
3317
8885
2467
16874
2349
11438
2842
8044
16723
14270
2510
15635
9817
11301
10018
11972
10781
9412
5842
14704
8919
5355
848
4248
12253
12987
14586
15167
9629
3539
10655
14736
6112
14627
644
3986
17599
3450
3575
9161
17050
10294
10202
3274
2626
12898
1739
11992
7229
3080
17620
6229
525
10753
16170
11757
5781
13454
15225
6457
11768
11144
11433
13267
9544
15278
9511
12470
14612
16991
14060
12643
14299
435
5338
13021
937
11274
11694
9562
13546
9918
9445
15862
5989
9820
11997
4853
3940
15447
12882
17871
2273
8018
4585
4444
6855
16596
14482
13887
14796
3417
17831
7218
11257
2871
4019
16863
15067
4453
3014
14339
5651
12307
11360
516
1578
1151
5486
4078
16580
15349
8858
5493
8013
15476
10005
9137
15748
9319
14223
2012
4186
15117
6517
16529
9626
13829
14347
624
6943
9791
9603
2185
2895
14784
5678
1972
8497
11510
9099
14865
7776
13549
8579
9357
2509
6163
1674
10002
4674
2076
5700
4162
3341
3308
3957
7542
13338
10185
2775
17057
11471
2271
15931
1944
12322
14889
774
11663
3908
12769
4987
9311
10364
5330
6729
16085
9889
12703
7792
1646
15399
4990
3504
1452
13433
6706
5216
12809
4002
15068
7191
13911
12016
8839
16993
3754
3982
15600
7906
8955
2293
5909
1934
1077
3545
11718
12019
7141
14779
6965
4835
5838
13683
2689
13085
1942
6986
14022
11255
6345
756
12004
8289
12586
15303
1684
15828
5037
12678
17414
4336
13779
10347
11033
16438
15214
17001
14925
8789
7791
16688
2771
11464
12398
5574
11204
9012
5081
15297
2117
11233
3771
17531
11366
11096
10615
13545
342
12745
9342
15905
3772
10577
17160
10495
12440
16419
2409
2760
15783
1918
12904
7603
17609
2846
450
15226
8921
3333
3398
197
9694
3282
550
7821
10376
14688
8426
4402
13550
879
6311
15370
7063
7995
170
16043
4619
13148
15674
12082
14927
16900
9213
2386
10682
5999
15575
10155
5329
11521
15745
10330
6411
13300
16971
6597
12639
8911
10209
2746
5265
7374
5991
12024
11617
7895
11165
5740
3479
5824
10869
5171
8880
2379
17337
3814
13994
15816
9429
603
1711
8237
8193
1530
564
9037
17158
7303
16557
15124
254
7223
13183
6588
4762
8036
17961
3843
7812
1629
1031
948
914
5787
10151
2961
16195
15935
16852
16608
6379
2516
12620
7156
12262
881
8983
11719
7359
8020
15196
3647
8655
13200
10517
204
68
12209
15128
13043
12706
2085
12067
16933
14585
16350
5821
17838
13530
565
9333
9430
16151
16155
5971
10467
9496
13326
2553
7177
3526
4780
9461
3012
5114
376
1279
9754
3674
2773
2899
9712
15248
462
12507
13630
12870
11987
7148
6335
17030
2545
15091
6931
9263
7559
4106
4659
13139
16784
8213
594
3273
10626
11630
4978
9695
13787
399
3502
5238
161
13048
5019
12220
11422
4620
16183
15208
15202
749
13700
12191
1148
2934
15008
13872
7639
3252
8192
15506
11493
1392
16041
16719
13453
9747
4166
12930
10960
8369
15375
11741
13990
1984
6526
16577
249
8862
3842
15120
7473
12091
10992
1109
7313
12311
3382
4556
6115
414
12906
11754
1203
2482
5183
16267
128
4830
14954
1876
13672
17654
7735
16305
8235
9059
13278
13144
16722
5718
3878
14549
3578
14798
766
11523
9324
12835
4244
7848
12695
9853
14754
6757
26
16454
982
8158
15966
16804
11009
1
9118
13894
4264
11564
14323
12654
17054
9338
1771
11398
1770
14392
12368
17323
2484
2373
14491
11537
900
12000
14592
7347
9458
15884
12372
5762
12377
6463
6608
9031
16150
587
17879
9969
16468
2089
12479
13742
12212
5628
9470
11379
15594
1704
8677
7340
2474
3596
4903
9664
5730
9077
9725
10773
4071
13098
1087
13425
11024
17172
17716
16566
15574
14170
17447
1775
16671
397
5878
15073
2163
1052
8963
2179
16122
7712
4465
6080
1698
2333
3540
2629
11130
5452
687
2794
6982
2988
15000
9124
9832
3758
13584
10230
201
3283
5760
14474
17636
1212
5774
3228
10665
12777
13743
17580
17131
15953
446
15259
15577
4459
3828
11906
11039
271
8878
9291
4228
6683
6206
12154
1616
11097
9252
12895
12173
8178
17311
4373
16586
6695
5480
14434
17719
2504
13170
16300
7701
513
5577
6491
14814
11436
4666
5790
15688
8185
13129
8349
8456
2790
15485
10967
2594
11145
14564
2466
2727
4880
13430
401
5053
570
1612
5903
10611
9334
14675
8776
7115
9564
11137
10685
14225
16205
358
11618
4432
10977
11
4380
1724
12439
11546
10526
1416
3704
10815
3178
8875
4370
14414
8951
6566
5358
12761
116
3773
13499
380
2598
4824
8589
4164
12602
4397
13917
2105
5042
16902
5203
8145
8220
5965
3614
14888
8856
13807
7186
16774
2891
1671
9122
15726
9155
17616
7008
7403
4175
2494
3117
16835
6278
15766
167
16004
7160
10801
6510
6472
13898
9026
6525
7715
8612
7067
12313
13972
6964
16625
10699
17985
15761
16664
5286
11573
8660
8362
15177
13563
8337
690
3777
14722
11679
11849
13324
15825
13771
3996
10047
10368
5032
1604
9199
14110
3057
10646
9067
16442
16493
5766
8151
11716
12110
10662
12627
2912
356
9235
6168
1619
474
8547
5121
11248
10553
13696
12953
10970
13073
15556
7059
14423
13901
10296
13885
11082
11792
2620
8097
890
6265
10501
16760
15959
1885
3143
13401
10918
17401
15750
15342
1019
10412
9236
8779
10931
11276
2748
8232
1977
16081
17612
11762
4360
15022
5350
3889
5112
11713
5451
14930
17800
17370
6427
4938
8681
17493
10766
1362
5133
1677
10097
13615
10958
17298
3375
11871
5023
239
1716
13578
2953
17671
3685
8340
1131
7207
1546
3339
4947
14494
2667
17427
9952
10499
14344
4858
17633
4114
4271
8722
2395
9177
8693
5029
13421
9707
9543
14483
12447
16129
14729
15024
13636
11978
17096
10794
7169
10036
1961
15520
10837
10812
11767
2817
17815
17344
6646
16242
10658
3291
16559
17579
8551
14349
17754
13811
1214
10399
12169
13834
4600
6637
16221
15267
6658
1725
7420
17836
16588
7022
4576
473
14192
5036
638
9193
8613
4396
11368
1271
4924
6010
10567
12218
13631
5769
9831
12951
295
1496
14243
5075
10584
13157
2344
5067
7429
16555
9571
7543
10625
10500
5694
6267
12044
3602
4486
14679
7343
17861
14695
7888
1288
16101
10969
17590
2343
2019
12820
15846
623
9474
14003
15489
6761
5507
11340
13912
13313
5578
12550
8087
4406
14342
13355
8959
7766
1534
4621
16457
10835
6238
9999
8934
1916
1110
1831
3295
9084
9113
14959
3788
1787
252
13890
12413
15658
7944
7867
1121
5631
15881
14394
4769
13674
15378
72
4792
10722
17559
16508
17924
1862
16190
11865
8863
5826
16203
6299
6250
3709
11194
3488
7644
10846
7595
14086
9872
6508
12636
4886
11956
10287
4532
12286
3507
3819
12556
1649
13381
8204
7815
14041
4387
7402
10350
4785
10307
1202
488
7640
10641
14000
11638
4939
9082
1014
664
15901
541
1341
11221
14008
2254
1259
4016
6487
10892
4668
2974
7974
14789
9007
17938
1106
14163
12208
12717
12255
13541
9048
9646
5115
10153
511
10222
10054
16718
4653
10580
6038
3761
10152
9998
8033
14762
10679
7017
9533
3830
11241
5198
720
7245
7475
7221
13193
11844
8553
870
13070
9388
408
17303
11331
2960
1206
15286
14291
13659
1096
5106
11940
98
4813
5752
1285
12653
3855
889
11950
7073
14972
11689
11723
15692
2665
3007
7479
12521
1550
11317
7268
15515
7446
11291
16743
14505
1799
14697
5176
4504
17072
4652
14714
431
2005
8438
1680
2061
7936
7272
9146
5770
6884
13067
3208
4404
16412
9209
15687
17912
13609
15611
12118
12749
3120
4097
144
5366
3741
4449
12902
9674
11688
15609
12457
14382
16304
14105
12345
2158
3875
4917
12566
7423
12751
9670
12567
4555
4962
9226
15417
15101
14934
8476
14852
10955
13913
7082
15580
1198
3419
8168
8389
5
12084
1780
12034
2212
4031
3428
2358
3628
14281
7999
2360
13859
8520
4592
17454
12195
6826
10845
2340
17403
11801
14463
2456
15743
11965
8940
10300
15112
17389
8783
12290
1776
8977
16121
15510
9514
14799
15955
7157
17994
220
2253
419
17249
9343
16998
4417
10112
17792
6708
6689
13988
2736
1368
2197
8248
10884
15756
15985
2044
7341
15586
16819
10372
4424
1246
12059
11520
13837
2652
9760
12202
15065
12847
4146
16789
10410
2840
13542
16291
14115
752
3607
15771
5825
6357
15990
7992
7824
15431
10191
8572
9166
12532
16883
6862
13816
716
4131
32
7514
7662
16653
7020
5292
11596
9825
10736
5377
5642
6012
1909
5638
15045
1802
7830
12389
16788
15445
17309
5025
11289
13019
1521
6904
814
15695
13316
7106
5284
14119
3347
9700
6111
788
7378
5807
16192
7426
13252
3049
7317
2302
15247
15464
3631
13080
5687
10926
12575
4302
14100
10823
6195
16402
12512
4062
16845
3882
10697
2400
16046
13446
8510
7416
17851
12590
9284
10913
12364
10855
10985
11538
2603
16062
13922
7666
8533
10406
10701
12549
4331
12105
6076
8260
4727
4235
1955
13047
734
3914
8293
6873
12899
1180
8747
16960
17040
12315
15083
4649
5478
4664
7043
8377
13165
16882
6615
3490
596
17766
3919
13791
14311
13560
11191
9294
12125
1781
6880
17124
15792
10645
14885
2858
14659
2573
15827
615
5814
13087
5076
4982
7665
10007
16371
6917
5388
524
10585
2372
9005
9475
9704
4539
15129
11962
5339
17772
2455
2336
2095
11367
9472
8254
14478
4794
12829
103
2924
4326
16384
17976
17452
15480
2267
16362
9460
2813
492
6571
9262
8234
15894
8132
14246
9632
1012
15912
4048
7062
12378
3695
12181
10933
8139
7693
3929
1639
15615
5059
15367
12396
15731
8811
6395
17238
13873
8431
801
13130
7263
13036
17606
3158
1588
5132
11800
9383
6342
2921
7839
6174
16431
9681
9211
559
11213
6360
1423
8953
17228
4467
6993
16655
496
12229
4395
13501
17863
688
4046
928
14092
11298
3707
1302
4519
13493
16897
12553
13277
2236
3629
2146
8059
8639
5462
1468
6178
10999
12817
12120
9091
1718
7683
4094
12710
14207
3890
13275
6441
2877
17595
4092
11470
10628
7387
10849
8807
3079
16805
12184
1430
16506
15727
11160
3593
498
4723
7649
13135
846
17914
16839
16458
5941
9098
1119
3976
11210
2562
16757
50
3370
5096
3365
16854
3173
10383
3959
8329
3835
6468
1415
3452
7933
11187
11936
4400
2557
10131
17315
11944
12782
14412
246
14698
16321
17540
11201
3868
1928
1904
5810
11058
2014
1833
11393
2138
15646
8688
13149
17455
5473
17356
206
8077
4161
16349
2624
10179
1188
2781
2540
16405
5099
13294
3664
3595
7190
17154
698
554
7618
13978
7225
829
6433
12540
8245
11651
1126
7257
17443
2110
11183
5093
13311
15899
893
16927
7707
4942
3070
5801
15810
5559
6824
12630
3985
14615
8488
13008
15691
9689
4951
6120
14465
4310
71
12296
13842
16278
4224
15606
9421
5294
4348
7497
2513
3251
1325
17283
6377
1388
6212
17343
4471
17877
5869
9824
17990
1033
10174
11648
15987
1393
828
16491
16189
8806
2702
3591
8028
16553
5224
10678
7315
16752
17894
10384
9741
14556
7227
760
17868
3700
12061
14286
14901
4819
6997
13792
6310
416
3192
14490
980
8498
3391
14386
9440
4520
10227
16850
2000
15389
13137
7285
7664
9672
16691
10573
4569
5713
17074
211
15946
4140
12263
15275
17927
10520
13086
7262
7847
1536
95
16272
4726
11675
10718
15126
1139
14649
4294
16956
674
8590
7876
390
17025
7000
13959
7510
10600
3284
10197
17517
4617
7013
15528
12634
13456
10470
17819
9154
7415
16955
4221
11898
651
9431
4825
5397
6213
2265
12584
13288
9982
2566
2655
9710
17890
6759
13726
5187
14793
10447
13071
5978
14929
11148
1758
12072
12957
15689
3522
6505
17854
14832
17895
5995
13918
12915
13507
5673
12432
12329
6324
1414
4635
11045
992
7598
8606
5784
17781
2699
2639
3072
9865
13778
6033
8846
6549
17465
17485
10780
5125
2684
6891
10566
16505
15855
14630
9804
10228
8453
11494
6339
7783
6036
8261
60
178
1397
17182
1660
17194
13256
9609
16771
1732
1239
16616
8365
7024
4027
5611
14306
11416
9819
117
8047
2745
10726
16473
3747
6581
8984
14987
9931
12111
8705
6885
13289
14462
14817
14191
10558
9224
10634
13734
5974
2137
6140
4045
8403
7855
6781
5437
17775
7437
9386
4647
3789
3939
9419
10890
5490
1195
11765
12185
2288
2191
17462
7838
12919
7841
4777
1292
9006
12583
1858
3720
13209
1527
10411
16346
1553
11632
1377
12066
15269
4399
8394
12968
3321
12677
10770
7424
15050
17519
2310
4349
8991
8177
2415
3292
11701
8871
4168
3288
13601
2056
3231
17751
12254
15519
8106
2477
15276
13608
11645
8602
8167
5729
2276
5354
10385
9748
15104
15414
10374
4513
8548
5258
8469
14072
17745
15191
17017
13358
4656
13367
16369
8239
2266
13722
791
3744
15103
3434
17363
5511
17900
9441
919
17217
3195
11311
9677
7894
7045
12982
14824
6907
9956
15699
5674
14043
13192
6681
856
14826
8713
14435
134
3044
8125
10859
16352
10802
17402
6768
2807
17827
17790
987
16705
1782
17945
13963
5202
2758
17870
2045
11905
14516
4633
15651
3349
15945
6878
16931
13134
2030
11881
3936
16059
3222
14672
17116
14771
7661
268
13160
11826
15602
2268
4945
17502
1335
8952
10442
3869
14715
1794
5746
13164
9174
14167
17036
3806
11693
8925
10874
15384
83
12943
6026
12515
16944
5199
16644
1581
17099
12650
10220
5724
10051
12642
13052
9277
15097
8851
17250
15049
2064
3145
1670
1076
14049
16745
6514
549
17032
13718
7788
17729
7965
13079
3019
6047
8675
4037
4470
15313
8739
12825
5193
1036
279
9566
16583
15046
7076
11932
1891
2171
11200
14932
16022
14374
14602
8891
15402
15406
4983
7280
4120
0
5600
11864
14391
16844
8464
2361
7055
3880
15798
13591
3856
14248
15904
16503
2686
7054
7
6015
9408
3061
8631
9876
2488
47
7607
7027
4989
5129
7294
11662
15734
1872
10583
12740
11839
7236
11242
4922
17022
10048
15532
9402
9530
6842
8471
6840
6783
1580
5217
11882
2149
2550
16159
12357
10196
10446
14660
355
5077
6106
12874
5110
8974
9828
11551
3767
2483
10561
5326
1525
231
2041
9563
3278
13714
7213
2180
12836
3226
11410
7135
14283
14012
4204
3468
9555
9592
4026
14444
15002
13724
1381
7925
14438
2696
15582
12131
3696
1427
14461
10904
14664
15344
16605
4506
3359
17539
9261
4214
11532
7989
17195
8778
1342
302
11414
4598
12235
8546
7859
3567
6247
2828
2811
6895
8144
1921
13116
9907
3424
5870
1938
1574
3213
15450
14219
13846
13244
7195
9266
7193
1042
1647
8697
5732
14933
17012
11198
7813
4142
3196
3161
12598
12232
1760
2783
8780
17365
8400
779
9072
9525
9813
8689
1705
5516
5946
2552
16033
3401
1676
16250
15062
398
42
5033
5191
4788
2970
5585
17209
385
10413
14842
2227
1638
5912
6851
3792
7781
9029
1973
15590
7706
7597
6244
5496
6305
15517
11942
14996
11561
14749
5068
14380
17551
9756
4696
13593
14272
5131
16248
4930
13671
10989
7871
5432
14968
17840
14844
15625
12265
4351
6393
8798
12485
15712
684
4908
4969
1737
9183
4478
14841
9249
5530
209
11901
12137
10570
5675
15908
10536
6158
8187
1748
1537
11468
7986
15664
1408
5783
14700
993
2491
6977
5637
10920
13206
15385
2263
1915
6146
15795
15362
9636
13166
6108
4034
2928
186
16149
15408
1434
17558
1733
11733
7417
4670
6788
15877
8082
3487
11887
2576
13335
12815
5907
4419
11659
11544
16973
9658
6579
11120
10224
9659
9705
318
14413
6538
7098
6162
5841
15341
15589
13679
2109
4916
16861
609
3793
17949
15132
4287
327
11435
17211
13748
2047
7457
16311
17278
9264
4160
7594
17277
13397
13947
4706
6512
574
10454
13662
3162
2823
4836
4645
12149
12949
5751
6560
9350
16983
13477
14399
560
14078
316
10192
9253
1811
13062
12146
10503
5235
8812
8723
16318
2710
4790
17308
4320
12989
4979
16656
6261
4743
17910
6801
11572
7569
425
7744
9762
1926
2366
9488
1265
16889
9471
4582
12848
1491
8138
1340
3372
12100
8781
10022
17953
4014
3087
6056
16465
8051
11173
137
10940
14827
9303
11860
3275
11552
8670
10032
1524
1173
2768
5168
10902
3287
16462
9234
2444
17070
6808
4775
7621
4589
17978
17038
3627
17005
3364
1728
15310
12018
12027
4974
10833
1548
14547
3064
8720
14388
12334
1605
16002
417
17252
5983
16234
9987
14973
11440
15891
2308
17290
11264
12394
4702
14848
9862
6834
14196
770
5435
7519
15346
14864
9451
6166
4669
12143
2069
6258
8730
4298
8841
2735
7180
14365
280
415
7188
12042
5422
12075
1220
7833
7184
12205
15438
11136
14733
14308
1623
12078
8015
13899
527
2523
4644
2560
17137
5045
12681
729
9673
5304
12193
17852
13258
1375
12047
6836
1682
12725
3360
1463
11657
13896
13906
10419
14741
5046
8874
9362
7306
11448
2115
15951
6348
10707
6731
17975
17755
9584
6720
7390
12844
2897
745
6484
7682
4996
10207
13159
15866
10123
2570
9465
7949
5411
14740
16180
9304
6957
4603
6650
14976
14860
2259
3306
16089
9086
7880
7803
6442
377
9721
8943
15536
3656
8745
8685
13618
4051
4323
9149
2399
11803
5630
15258
6017
3759
14912
14887
2245
6804
3167
6900
15563
16376
9579
14315
3053
14402
11390
16981
4623
14158
6405
3319
11150
3899
5137
3543
3538
17451
16795
7454
14034
10096
5178
13774
1050
3635
5536
4686
7877
2678
10471
3606
3950
16921
966
2666
6551
4223
15910
440
4389
6194
4101
2122
406
3077
12420
2951
2551
610
10975
1506
4882
244
1773
8270
884
586
10492
4540
3861
5565
14625
11509
13692
8814
2559
9929
9002
17244
12198
7579
4385
11402
7828
16181
6402
13229
14151
7389
7113
11666
7814
10033
10598
15516
6396
16030
16012
6890
7505
240
16124
17992
6253
17358
11251
16239
17019
5968
10203
7386
1606
1281
10867
3563
14671
11378
17064
17169
5189
99
3298
9959
2193
2845
11770
17858
1453
8252
15747
6558
14922
11442
9979
4187
10608
13093
15539
17089
1260
10880
6041
5231
3934
11913
15843
6739
8794
11637
3883
12380
15697
15109
11909
2013
6874
6734
15153
8062
16174
7891
15366
5371
4551
5028
15627
15057
14254
9668
5072
16658
3230
648
2175
7292
10806
3269
7324
418
5733
8425
10392
15835
576
259
12266
2496
16283
8104
11739
10175
7289
9846
8085
5179
1846
13960
3678
6422
12714
16095
15871
10390
11907
2514
5433
16650
13155
15352
12907
2004
2569
6994
3309
12341
10021
17571
9292
10624
1900
613
7984
10266
7310
13146
17034
6020
3100
15757
705
7658
15174
15723
9598
1865
11383
8661
10231
17002
4750
214
1769
14952
14746
10790
15256
13466
14142
4266
6125
12531
15819
1216
1759
11598
6857
4153
16581
2849
10514
9771
5626
14317
13663
14212
7625
16541
17793
1903
17029
17048
13404
13701
1747
6961
2249
15364
13538
8666
11365
12593
16587
17789
9729
11603
6973
1210
6035
14735
6434
4923
5914
577
4159
14145
12452
16227
3970
693
13995
17470
2691
13410
14441
1870
16450
11812
17021
10621
16437
16848
7143
1585
9175
2712
2141
6534
13483
4368
13400
8568
3925
16680
14696
14944
4898
9942
7633
11321
13391
15304
4213
6618
9403
12176
15199
14523
15907
10336
1234
7356
8030
13613
5054
12086
14568
8574
11943
1851
14135
9306
14730
3021
7349
3408
13763
8637
4694
7279
10433
4338
12279
2976
8610
17722
1583
13598
3134
16488
1178
1723
13883
2645
6557
17322
13426
5686
13346
7952
9548
2486
8175
2528
11159
7330
14758
1079
7586
6199
5794
378
3658
14711
1555
3871
14786
13049
10581
3837
3065
8485
6796
1322
361
5088
13862
11293
17347
13967
9706
6159
1721
10119
14203
12628
17646
14044
13690
12277
17325
14877
4117
14978
5948
11606
13926
16158
8095
16834
16570
2043
6371
17418
13669
9735
7631
14947
5383
5510
16536
1043
8717
6798
19
5958
13328
13946
2411
9158
11224
15584
9379
6320
14129
17952
12215
12199
719
3672
2430
17506
6290
14986
1394
9314
13634
1613
7574
8902
389
16078
11439
2279
14908
12896
6753
501
15455
764
1978
16855
7910
489
17923
6181
14953
1742
15281
14114
7589
7611
1992
3560
4430
17982
7406
16379
9908
10396
14644
8228
9455
581
4872
3462
7110
12207
4956
9583
13580
17093
5242
3997
5218
3056
4376
1645
326
11202
17723
3834
10431
13315
11125
10740
9050
6626
136
9367
14284
17957
2830
17088
3785
2782
1957
708
1849
12469
16598
10361
3342
10667
17773
15597
6271
16466
16961
12285
8353
13927
7346
780
6765
9385
200
10898
10319
10998
5853
12758
8537
16271
11759
4834
13377
16948
4263
6211
9513
13107
17077
6631
7857
10479
13780
8147
4961
9633
17744
13175
17898
11653
10377
6673
16001
16334
7038
13006
9546
15212
2776
17106
11011
14641
17494
3207
16556
1163
14905
6604
13003
10171
6642
3821
14085
11515
5555
2345
10028
3256
3219
7870
9173
1018
740
7796
17009
875
7775
9976
14265
15477
9095
15886
11047
6599
10973
5939
10582
11361
4998
9528
13589
1967
4714
16880
17842
599
17069
12175
6521
3224
17304
17317
8630
1348
2930
7460
6651
7869
7889
2611
3221
12663
17786
290
17367
10637
9879
9970
11831
13716
17345
9438
14911
5719
9008
13652
1449
14056
12487
4386
2894
3249
84
11016
5460
86
4889
9392
2363
8852
15121
1643
1738
8105
4618
8304
11786
4528
15629
2107
16887
11976
2595
5293
11244
17153
15157
4006
16684
8492
16201
16073
3977
1067
379
1756
11052
13798
7271
5670
16832
2427
637
14404
11320
6070
12544
9829
4909
6086
16790
183
1801
5498
17720
17450
14450
2698
16548
8494
12822
6309
6294
10642
7435
14312
5410
10844
6382
11006
4966
15542
5936
16293
14095
8667
17623
9444
8153
13480
1902
12301
329
15466
12484
7331
17577
6732
14194
5734
6173
11817
14268
10085
1922
2542
6242
4361
8505
7768
15277
3379
3601
5319
16875
1624
15661
17758
13695
3469
8732
8481
13929
12316
12616
17329
10381
17801
10317
17667
17254
3645
13813
8473
17701
14503
10623
17588
2231
135
5629
14886
17281
15636
11129
9993
4721
11576
11455
6039
2604
7832
14991
11192
17377
130
2033
1991
392
11231
2475
16594
5083
4531
1460
10506
3651
14010
13357
6103
602
11363
832
9657
7320
13775
1668
1708
15086
7826
2837
9449
6948
8309
17313
6418
12890
2011
4074
3904
13178
15754
5583
12358
1552
6617
17660
6248
9043
2126
13152
14759
13948
9622
10853
16797
12559
6301
9775
1987
689
3164
16432
15994
2463
7853
2238
11808
13238
3485
483
7394
8910
6528
12810
11691
4541
1666
2814
8416
15016
10323
4892
5992
16663
15059
14603
9457
8112
3240
10843
8422
10907
16008
9941
15371
15864
1665
10415
6096
7421
11727
10562
15560
17351
13472
9210
584
8957
3006
14314
9076
7728
15785
2256
1204
5248
6292
12618
17055
11155
14631
12079
7319
16361
11001
1061
7541
11273
8882
4193
48
9994
15698
317
17649
4304
12878
2991
13594
2577
15332
7787
16294
2207
16512
12204
14337
9808
6762
9085
16601
16392
4611
8549
4
13392
54
2414
11740
17734
11737
14138
8558
7138
4522
10190
10163
202
9159
11535
6293
5333
15800
9061
1099
14869
2092
12023
6221
9340
6145
7058
6269
4000
13843
11013
15158
1838
15554
8382
8727
15494
2298
17394
10070
1573
7703
5084
17892
15218
351
10793
15776
80
4342
16246
251
2948
2321
16011
8294
1956
13306
11569
8380
11426
3054
15093
7840
15981
27
6185
1919
9030
17216
9487
2202
8001
16056
9608
8162
11394
4189
6847
14674
9328
13783
5416
15568
3156
11879
14249
9427
7129
5399
14512
8601
14737
3734
16876
14
1709
15294
15387
4654
2464
8565
17168
13711
13101
9515
13423
16762
6522
3659
10550
2031
5300
2700
17224
3166
2431
6707
5926
8326
5499
11431
6400
5900
15198
2412
12174
14128
13740
2878
11858
10951
5472
4259
16365
16426
1428
9953
10335
15176
8837
15383
6969
14266
3848
9877
2606
7970
8041
9073
10248
16315
17511
8452
14136
6048
9507
13245
9346
1703
8803
7928
13876
17047
3536
1097
8712
3743
10084
7267
14121
8188
2791
10692
4863
9220
8305
348
16393
17056
2888
1936
6490
14358
641
9651
5308
7971
4273
1142
11872
5607
15852
16916
7899
1599
16340
8644
6838
7028
9505
13287
11069
11309
8360
12039
10674
7784
9370
990
5440
8384
14097
14062
1336
13640
6303
3423
16429
10891
15975
8657
5935
8823
1231
5567
6176
13904
10370
12129
7793
14830
5301
10659
10729
7151
11358
11953
3844
14070
16037
12699
9138
2993
3131
3492
17574
11847
16408
17341
5026
10189
1112
16400
15859
9302
12381
248
16899
1071
8433
6979
10680
5515
16778
11681
10661
3896
1113
4720
3676
2364
7856
14193
9965
5538
10957
4885
2422
8429
9315
2159
12990
11329
3229
8493
16489
14235
1205
17497
5739
10072
2481
12715
8890
15826
3409
17327
765
3732
8762
14904
424
16324
8976
15769
8526
14509
16049
4870
2194
4260
4525
14532
9473
12351
15336
5299
7269
13949
3246
4536
11880
10695
7112
8157
12304
9733
9992
5988
9842
10334
12369
57
6455
3200
7976
16706
10473
11821
15296
4562
10025
12561
13246
3388
15285
12481
16132
17218
15242
2675
12104
6859
13685
17547
692
10212
17650
15125
969
14454
13622
11926
12978
11894
2902
16593
10100
9399
224
3864
8171
4451
15703
12552
8937
10543
13957
4233
121
4277
14924
10238
126
10786
923
8797
7820
17731
10730
3999
1658
13757
5256
5447
8052
10660
4378
3265
3980
15705
12827
6397
14371
2522
8222
13676
14217
2264
14440
6591
16711
6832
7902
3367
551
13205
5252
4609
11587
10436
1369
8975
17386
14360
16669
14541
4533
17941
1960
1068
12056
15020
941
12547
9322
10045
6049
16162
12921
2728
13566
821
837
535
8895
11742
11981
17439
16591
9295
4566
13436
14600
9727
3937
14808
17621
15823
13024
3323
17125
6755
4330
11589
3494
14458
17659
17692
215
16119
7463
4646
7070
1471
9197
2511
15420
864
9778
10164
9373
17846
7175
10055
12840
2100
14868
14132
3324
3457
11078
4137
11680
15293
12252
5802
5597
13715
15251
15039
382
17904
8211
10428
3625
6922
9526
131
8972
625
6004
5923
7281
16685
14782
14790
7669
12347
10169
3858
14255
312
17419
15222
9450
16915
15319
1664
2969
16328
12734
2339
659
17113
13351
9394
14401
7961
9229
3745
14974
436
5139
543
6692
4578
8625
7495
5467
14036
10455
13891
5617
106
12040
15006
17227
132
12119
12250
5424
2385
5161
3418
2499
16816
152
14326
9753
6643
12196
16217
17061
5144
11664
11408
1479
15973
13082
7785
8316
16525
3800
4448
15914
13494
17637
15461
7932
15235
3686
14433
14162
4289
3633
8140
2765
5443
2759
6532
9875
13481
22
4480
3189
4637
14356
16163
11084
5368
10760
10069
14569
11692
11323
8223
11152
15694
3350
9591
11655
4083
16472
6
11035
3505
5832
28
2638
7147
12808
17642
16873
15722
4488
10183
6519
14296
915
5222
16726
3912
11897
8721
14776
6782
7011
5282
11423
6151
9140
10134
17247
8256
9739
3304
2228
13204
6282
7808
4423
14623
15736
11098
3945
5312
8729
13766
7567
7951
6809
15567
14274
13777
9407
14946
7086
7019
12796
5696
7015
5212
14038
5772
17624
12200
16374
12384
4904
2157
14328
14718
8554
11480
15909
6554
8202
7198
3104
4501
14565
15421
8368
16514
12617
16226
2869
14348
15998
5318
6000
11672
16539
7509
4130
1700
2315
3068
14501
3972
7872
9247
5934
9576
4039
1634
15680
1247
10798
1871
6129
4358
13572
7314
16914
7679
14557
10267
15446
17016
15096
1464
6978
5004
12732
5394
17412
14079
4890
8019
10946
14967
17601
2985
2495
1675
1488
13770
9326
653
12664
14669
3017
14621
16957
10358
16106
5047
14173
2280
4887
968
3584
14106
7040
1692
14093
6667
3235
16597
6426
16964
17807
16038
11623
6501
6814
4036
13203
1878
7173
5666
5331
10555
7364
16237
5698
2536
17267
12248
2479
7516
11161
17362
11492
10922
12956
9924
1590
14345
5649
17492
12685
11842
15882
1816
9776
17673
8518
8275
15230
3429
5417
11728
15620
7326
15903
13035
6644
17979
8542
2809
10024
13966
15211
13505
10560
4070
17086
16387
1462
5456
7202
12648
17700
8528
3955
16414
11924
9868
11941
12983
17287
14561
14277
14269
9330
1088
13026
3776
17935
646
1572
15444
4279
5552
1331
14289
6009
3652
190
2596
6750
2870
16233
12496
4429
14562
13490
7105
16600
2937
9933
17999
2186
17696
16176
12944
15522
11118
11092
3778
10883
9590
7968
6684
2859
17997
6149
15943
13090
11518
17765
6865
12916
8339
437
11457
11119
3175
281
7308
14763
15549
9731
16087
1412
4393
9435
9318
6165
2801
4234
15102
4586
15849
17995
6091
14874
8753
13769
12863
12438
1693
4462
7655
7538
4278
16803
9968
11643
13307
6134
467
14384
4828
16562
14690
17915
2206
16802
17545
5676
5145
13699
2323
16531
17456
15440
2764
12880
6659
10261
1002
6024
5754
11203
11891
16511
10478
4713
10653
1996
16422
5541
8265
14495
3636
6576
6225
9376
14580
17911
9074
14084
15716
14962
5186
5413
9316
2617
5819
17265
14555
9477
13441
10774
5660
13171
7182
5270
7128
1264
9423
2889
13752
11676
11020
6203
730
7164
2876
11290
8698
15789
11117
15361
17466
8861
5342
6754
12585
11773
4111
16569
17307
7154
16389
15709
2068
7077
16202
15291
4599
997
7751
15613
3190
8674
12748
17130
3215
17984
7204
9321
6870
16118
12684
6790
9341
13641
12861
15333
15504
17930
2161
13095
6864
13435
17812
12224
17881
4136
1238
3185
15400
6347
5562
6747
6081
17639
10496
15557
8477
10502
429
14103
11172
10863
825
4176
4461
9734
12768
12821
11027
12879
4333
12348
5797
8496
13522
17529
15087
1003
5259
14957
15839
8777
9276
10668
17262
189
7248
10065
4354
17583
12157
16714
13796
9895
394
7026
8748
10459
9839
15802
1683
1222
11677
14045
13284
6071
12920
16074
8908
12711
3149
1439
15372
6531
10306
7545
11736
10391
9568
11285
2123
1477
4857
868
9852
1069
12379
13263
15678
12491
4115
3270
811
2473
12312
17449
4906
17670
4931
16524
11399
11851
10921
6849
13337
108
7093
9538
7908
12527
11065
17703
9269
14298
1570
11636
17973
17241
14970
1010
7563
2434
5690
2908
9989
12406
17543
13234
10107
2401
478
10004
8575
16090
5771
902
5505
14257
5716
5201
6635
14993
10700
9132
13211
3915
5986
14774
5314
14902
3236
17665
8064
12271
9129
9597
16792
16895
6744
17630
9467
6679
15359
10219
4251
16708
15249
14297
8035
10450
13850
1016
12679
12519
14534
7224
9880
10379
13450
4227
4722
2381
6821
4838
13023
909
502
4758
17314
8487
11650
4676
1541
10681
10457
13060
3366
11004
5316
7660
6474
20
5917
4203
17814
13744
2810
16965
2413
12688
15055
4554
3169
13964
16067
5527
4744
11482
9502
4359
17787
6721
831
4616
1236
5837
1064
9652
7168
13532
10687
17379
5111
16831
7140
7392
6516
2322
15974
10402
5344
10023
7295
910
13721
15070
2214
805
15164
13934
11968
16518
4319
7287
15665
2903
15134
9196
11281
17724
3585
14792
6136
4056
2833
14701
5737
11908
7897
10813
3815
14330
1386
17693
5389
11038
10290
6568
15937
17127
8120
12541
17391
17844
11196
4371
2353
7604
8351
1051
2034
9939
14764
867
16936
4958
16693
6164
8004
789
8903
4300
2120
2284
17901
12651
354
15918
5973
12702
1289
3138
15818
485
13478
4509
15490
366
16851
3302
13635
10643
12962
6437
5867
2277
685
10651
16589
10556
16428
10747
11050
12846
10568
15569
9676
7950
14822
6477
15351
17333
17520
6539
16098
13479
4267
14033
8998
3101
567
1626
11338
6451
10039
4226
11717
9365
13953
15544
3840
4495
13292
14228
13250
14884
17932
5098
12323
13548
14894
4174
2502
10118
16363
9601
1165
8928
11261
13677
8281
2925
10003
13057
7646
3624
4165
4648
3615
9329
16280
8084
16750
6962
107
11984
16449
2592
10061
11028
12165
17993
2020
2247
17251
5619
4284
1594
7550
11375
2211
16923
14007
14139
7734
9691
12492
11624
13015
14611
11910
13319
169
17552
17707
2326
15992
403
6710
8544
17647
192
7979
17937
863
11720
2438
14898
10135
16565
10236
16987
3968
2017
6770
8960
16532
13383
6458
9413
14795
230
1470
6412
17922
12260
5944
12258
13362
2882
13309
7211
11499
15401
6577
3443
1083
5442
7798
4412
9055
7244
8269
1533
9060
14589
8354
4245
7472
7243
15561
6105
17987
6879
4096
15925
15878
13784
13517
12596
5582
6192
5743
2151
11254
14540
3892
512
2855
15895
15468
1501
9268
6018
601
2143
14801
16455
11512
10262
8303
2402
12622
16102
16268
1320
6346
7552
4632
332
6833
3749
10038
2843
2777
7328
13956
11282
13473
8206
6611
1731
10198
1558
10762
13815
11870
9793
9850
4232
13938
5058
11267
13697
4901
16327
7862
4697
17188
9551
16212
15885
5074
8135
2751
9896
1483
11594
8491
16229
8247
14447
1420
7095
5576
11939
8066
5476
6116
2113
979
5793
17225
9395
17813
15023
8283
6676
4730
10923
7717
1901
13240
13585
17536
4220
119
16651
12942
16649
3480
11911
17566
16313
9498
13111
1127
17535
308
12973
13931
4661
2585
10453
1450
3345
8330
14819
15643
8559
14725
10243
17516
16878
2478
3944
13914
12658
8242
6812
9922
15861
4076
16724
6028
17142
13299
14918
282
1308
7452
14899
5469
13504
8980
507
10995
4450
3085
815
9975
11185
2006
3405
16331
2546
526
2583
536
6896
4293
17886
352
10362
1940
7419
6905
3376
15377
6724
15439
2962
1686
10673
10147
17310
16767
9227
1276
4590
12088
8405
16378
8479
15982
3344
12155
8947
11310
9493
13806
6908
11207
12762
17929
8299
13415
732
7957
2950
717
4685
12838
15950
12724
3438
10544
12581
694
4515
1152
17925
7451
11591
2052
14524
12455
4768
6383
614
6561
4881
15217
13599
15203
15273
16249
8
10182
17803
8808
4778
15
12800
10752
4416
15787
4003
9732
10725
319
3470
6638
7265
16460
8784
8278
1282
9198
7807
17662
4363
5305
16610
8628
17921
13002
17334
8595
13915
2025
755
12177
12087
7818
3711
10480
5057
14702
4781
11781
12676
16206
11533
1617
2610
15775
1873
4211
10273
1421
985
10059
17605
7843
8969
9251
6285
663
2672
4789
1287
5031
2958
3216
6479
7363
5699
15812
12967
3091
12449
6202
1383
12603
4443
899
16660
5646
6150
13376
15330
2784
3099
6279
13340
7345
13156
6372
8664
6688
9254
13342
11476
3247
13029
9145
1893
1657
7466
8877
16552
6273
4971
17003
1498
9897
7629
15834
4365
3477
13091
15264
9940
142
12383
185
1945
6541
649
7375
16262
14263
1376
17587
8472
15668
124
8649
3315
347
17319
8950
17931
11259
1636
1456
14310
11991
6390
12787
13554
1347
15832
6946
2084
1015
12138
11818
13954
16534
5483
3475
5767
2964
413
17126
15927
12098
12772
17776
8342
2819
2468
333
12885
818
3020
133
11053
2734
3211
6954
3279
3327
3708
7802
1444
6893
965
6763
11558
8449
2607
4409
14359
11634
12356
15010
14862
11934
7491
5523
10814
1211
12022
14761
5040
465
8624
3568
3608
7109
7511
13482
2250
10229
1277
484
11886
3832
5441
3984
11830
12114
11077
17542
9225
10315
16430
954
17155
9331
10589
9374
14618
11219
4112
8577
2661
9065
15571
5272
9380
10063
11705
11089
12488
7547
6740
14350
13382
8480
1207
14949
3824
12399
11103
146
3643
3223
247
7258
17092
17830
4195
7651
5736
3604
556
12537
12124
466
10683
1860
15570
2703
16198
865
14131
15619
7456
5205
6939
17532
2867
7414
14665
15778
13688
1472
4254
9080
5811
3316
2083
14794
15232
8768
2935
1334
4568
12980
747
3943
4820
9552
11496
17292
17594
7251
12460
6976
13298
2224
13371
11892
1868
457
9384
15730
11451
12669
89
13004
14180
10138
9967
17555
12666
11443
8393
16702
16480
15941
14781
3630
12467
6944
5395
10952
2558
12649
2242
4382
3903
7166
3187
13646
16665
6343
7016
627
2487
13115
6021
1834
3918
13221
9453
3725
9718
2232
5154
6737
1022
11080
11124
16232
9980
8032
16112
2131
2718
12852
11823
7006
14383
13044
17564
2625
13349
16560
743
16502
6283
13424
11501
1531
2994
10426
11714
9920
15052
7622
12938
3895
11641
1577
16286
1261
1567
9078
12468
10282
16509
16999
9954
1886
13997
13945
12498
3486
17285
495
16766
4636
14432
5571
1337
9490
8684
5468
11585
8956
682
273
9567
17763
17087
505
3632
14087
12589
6545
219
1982
11012
13179
15791
2215
6794
5977
4658
4134
15610
14065
2572
4128
17284
7686
2852
2580
283
16032
9870
17962
7133
9655
7430
16144
14893
8321
5791
13474
15529
4482
1116
4700
9539
17094
17342
13827
5209
14958
13654
14692
17774
3831
7837
8770
9643
1390
233
4110
5543
12456
4184
12730
2949
17233
10435
1520
17291
205
3387
3639
2965
9027
14770
9703
15889
2428
7278
15900
4040
2593
5208
14448
10828
15436
17509
9447
10870
2500
10346
3420
1469
10629
5531
5895
10579
15939
6745
8205
3448
11421
13804
11508
12773
13037
3737
163
9894
14451
10241
14278
15263
14375
16635
4957
14290
8944
10864
7947
1761
1755
2864
15765
8191
8578
5108
16105
16091
15033
7090
9686
4921
635
5325
1608
5436
8224
12361
10324
13380
12226
2088
16358
15499
6713
1058
7362
3763
13369
1108
8352
12837
967
4407
13279
11920
454
13402
11896
5466
3857
3752
10034
12625
1694
16647
12108
7274
778
6726
13352
15025
7249
4608
9286
11960
6132
15434
8596
1228
11890
16632
16107
5688
12320
17246
8214
10474
6161
17128
9696
12726
7998
10351
2128
13802
12931
3024
11478
7748
7327
8291
5281
15064
9087
2317
17136
8091
1611
10344
7493
9353
6831
12571
6648
16867
6482
15224
1685
8463
11993
11809
2954
6966
3092
14812
6975
14923
8584
1484
4207
11610
11226
14573
763
4731
11397
1046
11835
2875
11116
17144
17878
3924
12959
15491
7358
13797
7980
17850
16050
2055
7094
229
1169
897
14882
13411
14738
8458
5910
5888
3692
15807
6911
6980
4262
9185
15262
4625
7447
12140
13814
11822
1729
10079
10090
4374
11875
10298
1681
11302
6473
9866
2732
207
14829
5120
11347
16497
15320
8134
16255
11477
3774
2435
16527
2040
7124
6507
15081
17484
14108
10275
7333
13196
17436
1060
15089
13874
9517
17210
14872
15300
17043
6222
17917
13944
13467
1710
9267
4067
15626
14710
7963
9882
5970
15656
16216
15639
16603
16251
9854
16370
639
12373
4944
8754
11985
6937
5529
17996
17376
8696
3719
4208
10832
15201
14407
9056
14828
7540
5232
14726
344
459
213
5581
813
4177
1793
6492
1266
9784
2081
16282
1363
2893
10432
11900
17430
2205
15682
17864
1998
13180
6122
17177
15808
13039
16310
3112
4132
15920
364
14410
3001
8043
17185
17295
8582
12450
14476
9418
15942
7237
10424
11988
912
6361
7938
15088
9257
275
14295
4138
11170
9239
10716
12411
10052
4485
16662
16383
8090
16270
14091
10035
17943
16822
16521
983
1074
8654
7522
573
56
16020
4672
658
8388
1208
885
16306
15288
5682
5586
10515
13125
16935
1644
12637
5960
12041
3949
17445
4405
6447
6306
109
4596
11037
12135
10093
14802
9151
1091
7746
769
17626
16920
4715
4580
5975
11279
14074
8336
10394
8061
10292
6475
1199
1419
7052
6902
17049
6022
5055
9468
817
1124
4352
1049
16223
258
11869
10784
10994
10569
15774
6318
9489
4275
1648
2916
1305
1826
6811
5104
9070
7732
7659
17181
7939
10771
94
374
289
13788
7517
16520
8672
6327
12162
487
5990
11104
2749
3564
17643
13103
7231
13140
4675
5091
1401
2763
3098
4565
6819
6932
12545
3467
10489
5892
3885
6675
9903
11184
15290
2178
11729
15187
17010
16860
11275
15944
494
1591
7879
8417
10046
7061
13519
13543
9503
652
3886
16351
16209
3854
12604
9625
13574
10365
14941
17479
5279
11687
11344
9424
16930
15166
15770
16258
7653
17364
447
5213
8918
1404
12333
13847
11895
7196
11640
6633
9045
17733
8366
6628
3000
1513
349
16996
17065
4894
13590
1898
8632
905
4558
13568
11706
13498
683
8821
1475
13077
773
14530
1779
4050
10378
17255
8931
2201
13143
12689
15260
5475
5776
13619
3587
2407
9588
5915
5253
17312
8312
11498
4876
10468
17597
2673
141
10606
6419
320
13557
8552
5967
5647
7797
2001
1167
1654
4439
3987
3248
14031
1138
11214
6506
2452
6481
2243
2914
2774
3330
16213
15684
13502
7975
15874
6257
3554
15054
14751
4595
17582
1009
1111
7981
4410
7099
4740
3998
16401
7727
91
5622
10743
14558
12127
5645
17448
160
10576
17799
5601
5245
1937
7431
7934
13030
15040
4774
16156
2436
7749
9165
15850
6358
10909
1908
11139
11000
11702
8703
7081
4791
4703
4516
11969
11874
14948
13
13932
15179
4315
6941
16019
17355
14577
2235
4629
3435
14442
17704
4949
12092
3841
7478
531
10233
9344
11602
9491
8207
13495
16699
3991
12595
4366
10026
8683
11322
13733
13354
7714
14963
12473
217
10491
4151
7282
13255
9612
5570
6291
9536
10672
14446
4640
17883
8633
10768
5393
15144
7737
14998
7967
2669
4793
16088
4537
2352
6609
2022
14554
17297
14262
6623
5049
3030
6951
13040
17832
10382
1995
13869
1441
10150
12281
8987
1132
9459
15653
1391
16703
5640
7365
12690
5697
17237
5861
8216
1189
2834
5278
8227
12893
12760
9785
1317
10757
4749
15122
17591
17076
4759
8374
9698
4301
913
10594
14994
6408
2866
10928
10445
6069
6915
1669
14560
3845
16652
8335
15926
17664
16970
9863
2567
12053
8495
3514
3731
6613
16316
17593
15738
11590
16717
12813
7041
11062
3459
11008
16938
2432
13540
14029
12342
17091
5780
14646
17190
9781
10251
14684
11928
11238
13852
13471
16546
4567
10443
4210
17602
7408
12325
13637
6758
11971
10532
5745
16698
6547
13243
11133
9064
10017
4991
4010
8446
15149
3849
15080
17715
8457
372
14587
5461
4680
13168
11243
13226
3055
7592
903
15797
17657
5704
4538
8319
8229
14752
15441
4681
11122
14071
12718
12903
412
1352
16623
17421
6333
13907
11925
2470
14881
4799
6448
8563
12474
12659
8436
287
16219
14546
12594
5406
6356
3804
12534
2029
9133
4433
7905
14336
1943
8483
5587
11980
16825
1086
11539
10367
14275
6205
13919
1244
1679
16080
8383
15521
3141
1395
37
17067
11495
8662
2038
9492
6280
6090
13283
5889
17817
14791
9585
7774
1166
9049
8800
3681
5492
2909
8016
15066
1442
13133
6332
4299
12675
15933
11278
145
6535
9361
16224
11229
11565
13924
4855
15558
7562
3820
1653
9642
14788
11236
16145
916
14971
3066
4587
10953
754
2705
3369
1952
2664
6107
4483
7756
10302
5266
8179
17837
15949
4684
16391
17515
13586
11205
15350
3557
2261
11177
13096
10128
13282
8764
5663
14638
2688
2737
16276
2382
4498
2015
5011
10237
17097
16490
1549
15612
14143
4734
2945
9849
7382
5613
8905
375
8049
12355
8375
15527
11588
4069
6564
3358
11346
17948
16815
13194
15495
2887
6389
804
8465
8328
14418
891
1920
10186
13812
11182
15883
16314
11528
2913
13110
5786
16076
7044
7515
2320
8622
9479
11793
13455
3612
8110
8954
11577
5488
15487
6992
2582
15390
9282
11010
6901
12217
1133
15457
847
14213
11820
14567
1917
2825
2327
7887
7383
2662
4442
9130
1867
14525
9325
4496
13680
9010
3799
7411
4954
10935
7293
836
7398
2943
11530
2563
16494
129
8735
10452
5891
12139
7557
175
475
10703
6632
14455
12436
1073
9038
15890
14655
1250
2608
6428
8592
7161
16325
4719
712
14409
7548
15061
9630
15410
9190
6350
13755
8508
7537
14916
13706
17438
15535
17541
8620
14198
5721
6488
10386
4308
3769
2744
14361
8500
15301
13069
8652
8638
6186
16869
2637
8810
14406
17299
6483
6127
10797
819
13921
7339
12789
13840
9327
11791
7060
9202
3534
17467
16574
8724
14282
17300
14101
127
9836
11181
9279
6359
10305
2003
9512
12665
2262
4624
17015
15240
15063
3478
1847
9371
8055
8363
8965
978
17711
10176
10117
2419
3383
13785
13858
4976
2054
17140
8196
11547
5491
14112
9083
9425
2738
7564
3232
8527
877
2525
1490
13109
14051
12845
11138
1582
4766
12806
15601
16877
5984
2130
17163
4029
4217
6995
2677
14202
7617
9966
13353
13489
9728
4530
6376
8995
7524
8111
6594
9675
260
13761
15496
3074
13321
6104
1332
10434
7954
12866
6773
13214
2798
5994
1184
4543
17835
17115
11838
6084
9901
16377
2420
17988
5951
932
8226
16846
17474
5134
2203
655
1691
12969
174
816
7085
1637
6156
14354
16211
1387
15751
10170
9949
10465
96
1695
14666
12234
5761
8301
10124
5317
12522
2827
12841
15013
2447
40
5695
9184
17318
13343
7696
15415
9916
4384
7487
10535
2850
7459
7663
4170
4088
839
13970
2209
13273
11292
14168
3253
16154
6307
14511
6837
11543
5170
9890
5097
16618
4231
5707
14421
8971
14366
11197
2713
4868
11778
9164
9480
9722
15227
1519
14668
9871
2818
9737
104
12362
11240
3718
4022
3739
4041
931
6661
17316
16934
5738
3368
13694
15752
1269
17989
2721
10050
12032
11174
12388
2956
11110
13286
1620
17779
14783
12576
16946
14527
13190
4946
8010
1130
16564
2641
10756
13199
12144
16264
14428
9618
16683
2184
9020
9428
5561
8958
14160
10838
17769
6930
17644
16725
12305
5683
2156
16099
16943
11415
851
6407
6913
17486
4737
8198
8486
16308
14773
11712
274
11766
9437
15657
6210
13055
6063
16083
11783
10546
6733
12257
6209
8829
11919
5929
6392
8357
12385
10564
17081
2341
17398
3887
381
3465
17691
15514
17725
6871
3913
11055
14984
3322
15565
2230
5465
10518
7681
1399
12314
13751
10861
8094
14985
10765
13884
9688
3853
15160
5409
16624
12210
1255
11489
17388
16142
10400
8451
12094
8949
8372
14614
8569
7521
12798
15131
4196
15427
14081
3127
1300
8834
2860
6518
6735
16912
13776
266
16260
12746
15193
9182
7183
3447
3285
13197
6906
12183
1736
10593
3779
9913
6072
15676
6500
9755
11163
3003
8711
2226
14581
12997
1719
13496
3352
16544
9602
12417
7438
2633
11308
8243
6504
16937
16661
6340
2225
2658
11189
1511
13709
17141
3460
2980
6297
8003
3531
759
4709
16613
9404
3123
10165
14980
8450
17698
15253
8419
3402
12947
9442
12511
8945
2127
153
11888
46
8872
8728
13370
2208
11075
8006
14017
17981
5251
16178
3517
4276
3454
13260
14415
14879
544
5241
14452
15782
16109
11354
6147
7014
8266
6869
8344
7638
263
5606
11625
12227
13119
15650
10252
6749
14040
5404
1808
12638
11362
634
2278
8994
15498
10423
9171
17946
16169
16911
6254
14897
12673
16584
14880
9359
13739
444
11263
5484
17867
7116
8827
6143
7752
11665
7476
12402
563
7948
17179
5128
11567
12403
8201
1516
14652
13210
16692
8241
2384
13617
1446
14805
8230
5175
9972
9619
7391
9986
4064
6152
1988
17248
16403
8898
14341
12302
714
12109
7921
6131
1844
10477
2111
6144
7873
11099
13975
5981
13745
17604
600
16629
1179
13509
11556
8782
17332
11711
2239
14883
13753
2135
8350
10108
2501
9221
15873
6572
10223
17919
10993
15659
393
15677
7582
5545
4765
9792
2555
3243
7329
14116
1880
7628
9742
12647
17258
3421
2356
13201
13535
8115
1301
13290
7336
6391
10200
463
7409
3237
7632
11604
7763
421
13861
1806
17243
13682
12543
6368
1727
15274
12269
14703
10987
17753
8290
11922
1425
1026
15328
8470
2166
314
2453
13629
7318
2800
945
5070
1164
14224
4311
222
6264
17804
17138
12036
9205
4782
8118
10737
16641
2387
1509
2872
5398
15706
7916
4512
16210
12686
14125
10862
1272
10607
2767
1932
2806
11772
4884
15233
3797
6792
1027
1438
8581
5280
8005
10905
7010
11798
6877
8966
11927
539
7760
13661
5763
13633
10439
944
12741
242
12497
6215
11743
4353
6665
13248
3724
5748
7690
9148
10029
15098
8756
1258
8990
17797
8848
7549
7384
13242
7436
11845
16476
4806
15289
15599
4281
6322
16782
16701
636
10311
7568
15963
12871
5703
6829
8424
10312
5612
8767
3139
10856
2039
855
14835
2708
9214
8415
753
15735
11952
2841
7673
8434
8883
3183
3499
7901
672
7210
10886
16978
8733
1371
8534
3260
8843
13387
13033
16353
9803
6450
5152
7131
13247
14320
16289
6439
16758
3392
5064
6255
5155
16578
162
6586
13508
1510
8523
12605
16241
11387
8914
14075
17823
3670
17434
3212
5095
17663
853
9345
6657
9501
8183
2581
2439
10876
2142
17906
11751
5588
9339
3395
7048
17869
14240
1328
256
11467
11307
4764
727
6467
6446
1028
15011
13707
8467
14851
17350
9025
11209
10871
5450
13564
13720
4205
3960
10142
17899
4313
6323
4994
7217
13610
3427
15270
12272
4550
7575
8364
3721
13925
3823
3673
8108
1948
3983
1098
4907
13935
8163
10095
6816
11511
15607
2145
17326
10618
1293
9366
11474
15647
5959
6170
4811
11299
17713
5669
3839
8274
9420
6494
6423
5956
9693
17109
907
5322
16082
11342
12309
6663
10156
14639
4072
9701
14488
5865
2725
5169
15488
1584
38
1523
17135
3052
4173
5024
3227
12557
8561
4665
1054
6562
17694
589
15074
13611
9485
4893
1618
14133
15704
3032
15806
12535
16171
7342
14647
8063
14420
1515
9109
15777
1968
2730
13596
8929
10129
3171
6172
14636
15729
8881
2116
6272
7842
14313
13126
1053
12096
7471
4729
17568
12264
2683
12554
17157
11745
13506
6466
9821
6256
9111
11570
14642
15015
16482
9081
5549
11951
16275
17897
12609
8288
12756
9656
16302
6940
237
2498
14678
4085
9115
1500
5119
14620
12278
10803
15392
9654
15246
9857
7677
3881
7032
17068
15379
15115
2733
8102
2906
7725
16768
12992
11377
7012
8447
886
16602
582
16857
14518
9726
1240
2612
8586
14236
2388
16922
10461
17471
7893
16744
3733
12600
5384
5522
5654
14025
6121
3565
17357
8287
17231
8653
14504
1023
11989
10648
11428
15257
4309
13131
854
3353
10691
9387
12876
10348
7379
8927
7192
15219
1576
17795
10314
16639
1559
14148
4926
6868
8258
8815
17482
16932
15185
1040
15675
14319
13459
12503
13581
2296
11578
16928
2183
12538
12548
3993
4249
9537
11239
12873
13955
9786
17909
10939
5632
2670
16567
13579
11746
12222
1059
17526
12682
5680
12932
16367
2851
16742
14378
7890
2886
9463
2287
5228
11228
14067
13100
3046
4490
1981
14732
11866
14005
16135
8912
9243
16735
8409
5184
11262
16847
12941
73
10878
13940
11333
8920
8286
10322
3301
17162
9715
12963
15279
16510
13227
15245
10493
16425
7800
14304
12328
8050
2805
3818
6687
15573
16345
12569
7863
6220
4809
11549
6916
5782
1170
12720
11707
4910
2357
5085
10337
5921
4411
12
645
1715
7531
17625
14677
5932
13527
16338
4035
10807
2729
5594
11609
9740
15685
5365
10731
6295
13799
7492
3920
16775
10605
14709
5521
6567
14122
4546
7945
6252
12971
16063
12824
5062
4535
1556
4098
701
4712
6344
4042
11856
12170
12113
7410
2257
11690
1726
11999
1382
2168
298
7554
5862
14206
12945
10272
8825
4678
14355
6556
9802
17180
13108
1545
13259
16177
2821
8759
6230
12303
15316
2009
12011
5149
8399
13731
3589
2079
15631
15844
17674
17742
10929
6050
5885
1933
13518
1805
8907
3023
15701
8238
11810
5408
9834
16952
8938
6193
4020
15325
15749
10255
4157
16288
17679
8325
12283
8900
2049
17528
15724
8122
15753
16712
154
8203
8276
2868
13270
15983
12998
2530
1406
8550
9806
7162
13665
6503
1454
7172
11434
14825
3677
1655
13897
4135
5494
10912
10245
17134
547
12738
6787
3311
14645
12578
6815
9088
4328
41
4472
14201
6380
14325
11804
16678
1722
10810
8866
5621
3958
212
9800
15172
5846
5548
16572
6723
2752
11724
9930
1299
16225
4007
9309
7397
5334
14599
8904
8459
11503
1983
7849
468
9745
2761
17974
4468
7042
5590
15641
6985
6237
7504
2097
9637
1048
13547
8154
15453
4805
14082
14489
6748
14522
12106
5656
9363
1358
14456
13687
728
12080
16015
5065
2067
566
9206
7474
9534
4896
9779
8026
1595
14251
6703
11877
12784
58
4708
15552
6077
6019
7539
13046
17058
15324
7163
9770
17469
10788
16298
13084
4594
1361
15669
16475
11154
10715
9108
10603
7470
3927
654
3655
2059
15337
14200
17563
17853
10525
11771
9797
7123
4937
10309
6179
17510
14853
7200
10116
11811
4761
166
16386
7149
16479
15733
15530
7578
9520
803
6727
4980
3657
1883
7599
7769
9830
2973
17534
2521
7004
3852
11315
2697
1081
17968
16535
11166
4861
6806
2820
9069
11334
17206
12705
10671
2915
7134
5268
10000
8932
16100
10595
17382
13833
14961
11883
10113
3041
12785
1551
17684
5652
3045
17219
963
16898
6789
14171
3786
12318
16906
13320
520
14329
10427
8068
8152
1171
17549
5016
1912
2978
387
9638
1035
8012
10552
4066
12752
11412
13188
10286
15075
3071
4964
5720
8879
6485
2865
13293
1492
203
1268
1380
11272
1699
6435
2160
15200
6655
2989
11348
17708
8410
13189
7606
3381
4911
2335
2880
17352
809
11814
1219
7388
3580
10121
12462
8155
12623
3
1172
3250
12065
4641
16111
9928
1215
16969
1038
6375
7667
1946
5254
8131
14728
13017
4527
1451
6856
10256
3239
7526
10804
15555
10206
3760
1609
16592
11850
8048
955
12228
11574
16909
2108
8142
5052
934
5288
15305
16731
6671
5273
17006
5584
12010
12243
5908
11003
3082
1504
9191
17550
10475
13261
4997
13552
5123
9801
8893
3967
10242
6575
10041
6894
7619
15041
369
17204
14155
508
10684
2204
14186
7179
16010
14643
16549
2539
17459
2396
17062
111
16055
10887
5757
14437
11258
15686
2926
17139
5557
9180
12755
12442
2319
1351
3783
17041
12289
13825
13112
255
9017
5386
5884
3332
17393
14619
3605
750
5957
16633
1396
2272
6897
3484
1218
3523
6266
10161
11553
7671
7605
2007
2848
13727
5540
17475
12339
497
2066
13910
9406
17008
14977
8845
2480
14727
13983
630
10966
17584
3281
16097
2910
13317
13818
15250
16963
1296
3146
7399
9887
17695
11531
4673
722
13432
8719
17236
2788
10044
461
14528
10997
4206
6093
17617
7427
9577
5618
16787
16214
453
4133
6351
1667
5634
82
13359
862
6171
2636
6148
8411
12064
7334
12961
16157
9522
2187
12167
15616
25
9136
14293
3320
8080
15358
14149
9761
14137
7488
12763
12471
120
12292
8150
4350
10534
7600
2503
4724
8718
17747
13841
15618
9750
2635
15621
16528
9125
555
10942
17161
2757
12728
14156
15803
13235
77
3548
14373
661
445
4021
13207
680
15036
88
11652
7645
9275
2058
4437
2223
3489
953
17150
14870
3859
6374
11178
5665
11051
1964
17737
11852
10720
13877
8022
12830
8746
14716
13491
4314
15043
14301
4660
2799
12268
5002
6138
1976
6169
14551
10173
15454
1970
12050
11959
5431
4479
529
8988
2437
15047
8474
15381
7296
7935
9912
17847
8404
4874
15854
17705
4559
6228
8922
5185
13782
5343
13977
5677
4523
3616
2826
17523
12818
4252
9904
12015
1252
17859
6919
187
3126
16729
12791
12038
6329
278
2010
1813
15271
14241
3334
7176
783
5659
16979
13451
14955
5234
3679
9287
7122
2941
7988
1906
1177
4913
17320
12869
4390
17557
10545
9667
10795
4460
4452
14411
675
9744
9313
208
7529
6746
11460
11807
13092
14018
13431
10239
6524
1437
3556
2998
4936
2441
13379
4192
11217
9911
9478
2789
12854
9572
8255
14187
11715
16467
10631
3506
8310
10705
1866
13704
10328
8181
15398
7053
6728
8067
4401
9510
4008
15815
15154
12970
883
7233
12172
9635
9666
1850
15672
10778
6583
5840
8835
17960
5877
16793
736
1586
8499
9974
139
16777
13420
11355
4149
1499
3113
5113
8169
10551
4306
2647
11684
1751
12365
16670
2621
9233
13486
14913
14481
5519
13429
4150
8069
14479
8899
6776
1969
17860
11671
9699
10104
11128
6445
9518
822
8200
7713
13417
17242
5893
13145
3981
9114
6182
5349
7702
11022
16372
4933
5899
17501
16872
15190
9669
11153
12974
10462
4745
14469
13562
12582
12786
9796
17738
9483
4502
6736
16047
7117
6955
2129
12918
14324
12802
2086
1187
451
7580
6330
9281
8680
10948
13032
12241
14605
13344
17149
1707
12453
14653
17780
14990
1975
14632
245
10141
15604
15048
12842
8646
15829
4517
14719
10014
1997
9469
746
17226
11327
16858
4107
7620
3384
6051
7189
11284
5048
16530
6603
6882
15980
17286
5822
3542
16014
13123
2300
3346
4801
2646
12536
14576
16141
13312
7288
5655
6099
15717
3609
11454
3343
995
5693
14613
3410
17171
2147
181
10834
16220
10414
15169
6705
3801
21
12894
4797
6639
15742
11059
15239
3511
991
15479
8556
4484
13460
10764
14184
16469
540
17073
7831
9062
15004
9550
11425
14767
9782
3133
6231
8440
13514
294
3441
7037
17613
11752
1631
5030
6440
4707
265
11373
12587
6543
14385
5778
4959
7084
16117
2274
4087
16817
4104
2836
3559
5723
4243
14141
8466
10373
9768
3096
4030
6664
16886
17432
7698
9410
11391
5014
11998
15605
8039
13556
775
2879
17223
7742
4671
6686
11465
4767
9529
17596
16411
852
9172
6595
9208
8073
15547
3355
15958
13224
4392
11432
8587
4305
15376
10938
13525
17189
13058
6062
5151
12667
9565
7153
15094
12767
3870
13537
1869
2883
6656
8521
8982
4593
572
1373
11247
13855
5945
8640
13310
12158
433
13269
11193
6277
15053
11417
476
17114
6314
14617
3313
2518
9811
6923
11994
1852
8611
8406
1001
13458
7581
10559
8642
11658
5535
5320
16166
7959
10632
17614
3879
6540
16622
14140
1790
11775
17866
9837
3974
14720
1262
9856
4292
13161
101
14327
15548
1563
13237
2376
16134
13464
11873
9716
6453
9218
1823
8218
2090
971
7647
13384
6619
4077
10724
7903
7305
1713
15813
17727
11779
1360
76
7443
3271
17498
8295
15095
9003
17682
15133
17042
6067
12774
5902
16892
6760
13185
14367
6898
6860
4851
510
11592
11876
8430
2313
15322
2901
2904
7672
17264
8390
3798
12599
13604
12909
1140
11646
5347
15012
16638
3963
6802
13215
10511
6536
14237
8997
7585
1366
14900
12197
17718
9014
15587
14578
438
8323
5295
16108
11057
3406
16123
1859
11761
12614
9934
3430
7520
8079
11582
12330
8504
590
14042
793
9683
13820
6867
9767
5815
2082
11506
1432
4082
10276
17098
9711
13011
13001
59
2036
929
14588
861
67
11734
8002
3666
13999
7021
4100
4456
2939
15830
13686
10910
11046
4212
14178
7689
8699
3570
17480
3015
5351
5285
17184
8618
1966
44
7764
10986
11032
9985
4796
17120
16496
12393
115
13870
10664
13439
5090
2316
13232
11974
911
12680
4265
12546
9499
4837
10943
2144
794
2740
10915
15272
12424
9841
1400
2002
13719
15142
4329
17884
407
15948
423
10824
17441
7003
7676
10308
6260
14975
11776
11253
12434
16736
17944
16871
6587
14895
2796
656
6772
7556
4518
14234
17463
1820
10881
6224
12520
15460
8702
10839
6653
699
17928
6680
8741
10732
3917
16637
1538
14950
7508
15483
2136
7602
12062
16812
1085
906
12017
5017
1768
5605
11529
14287
16953
10483
17706
13762
11885
8816
15968
17101
9016
13208
14486
2568
14550
17256
7071
11958
4341
16868
15374
10497
6925
9624
17640
11780
9822
13089
1306
14847
10042
12335
2286
5362
11813
5852
10180
4602
4563
7985
9600
262
11296
8986
4427
11917
4848
10805
7194
7652
10208
4061
2297
3787
4477
15031
2389
9360
5425
6281
1481
6153
9123
9382
11824
11168
7668
1123
7590
14563
11777
4606
5448
14683
1312
5403
11683
15411
5359
16208
346
12418
17942
8867
15340
16215
14047
11042
7733
16048
6059
17648
1863
10693
2121
7444
16753
3060
11211
3571
13856
15838
4842
2073
12691
15435
17107
9147
5313
16079
16982
9627
6208
4716
10371
2057
3500
5376
15888
1147
1607
7616
9545
12877
10548
15252
518
13567
11774
871
8560
305
7309
15915
6784
13533
17289
14161
15922
9758
12610
227
9001
4230
2233
10609
3194
3325
6352
16021
3157
7907
10269
12646
85
16290
3495
15739
1135
4783
2035
13741
15430
11704
12812
8000
6334
2574
12657
16824
10825
7755
7049
1569
14831
17
6126
7483
4612
16668
4542
17743
9248
8616
6682
1495
7353
17970
517
9018
4199
6578
3088
5373
17736
17416
8936
12500
14553
5346
15180
12142
1532
6154
1367
2354
10216
4473
1029
10320
5553
8273
3906
10617
9859
7829
5369
3202
500
2918
10268
2338
9599
14439
11536
17014
3620
4815
6061
1814
10767
16672
15100
11758
17324
8996
16862
5041
11319
9009
12133
1092
1807
12458
10325
4454
4607
5985
13104
17222
6527
17810
11353
5158
8824
10265
1746
17702
16838
1440
6861
12476
17891
5777
17622
7694
11325
4571
3415
6694
13220
11268
15380
12186
5463
994
15241
4742
665
12203
226
13177
1796
676
8873
11043
12483
14921
15155
7997
2706
6464
15147
9097
4431
6774
17628
3838
2074
4662
464
12430
9320
12843
14288
3573
12591
7002
17477
9462
5396
666
533
6066
13895
6786
2133
12708
7029
6316
12668
7553
140
3412
605
2229
13452
12757
5405
17117
17280
5227
3687
834
16733
12901
1433
5556
171
9684
16382
16997
15113
835
13656
12025
5246
8370
296
5596
1489
4591
15424
7747
4383
16441
14427
7642
3471
8014
17936
4841
5438
11067
1854
12057
9679
14238
5817
5942
12002
1227
11215
7670
1930
6625
5758
5223
1482
707
3900
9582
2649
6286
1564
2329
3938
4738
9884
10877
12126
10868
6341
1230
4434
6415
2101
7385
13582
14964
16380
10689
827
3648
3440
1717
13027
1505
12542
16152
17279
5828
13065
16547
7920
10217
16303
4463
8989
4009
5086
470
1424
9738
9902
2134
8355
1102
1939
17750
10925
8876
14745
12851
15967
9446
16773
10259
9570
1006
4225
3641
14676
9348
1136
10854
12712
14177
16385
2982
10083
6803
9066
17524
5069
6918
13236
14179
7413
12168
16368
14542
14247
11568
14076
7489
3753
7911
3136
12510
53
17959
8849
10746
16456
1000
4899
6032
12823
15009
5263
12696
15991
1034
1777
16285
16764
946
14467
12744
1529
17560
5747
9242
9194
15851
5157
3694
3932
8262
5604
3971
11106
1931
7449
11141
8190
9869
2999
3394
12832
15921
8888
974
8421
7203
9414
8886
1025
647
5808
14020
11654
748
12864
14209
776
12671
7697
2571
8392
16263
16027
16354
16323
10858
16168
10713
8114
3445
13363
9293
16634
11400
10456
13746
10588
17063
9997
12343
5533
4288
14691
8124
4239
9937
17354
17967
14174
13444
10783
3555
4344
14896
15559
6085
17371
12376
11337
15056
8594
8490
11040
9611
3524
6198
3413
16292
11557
5138
5950
2200
11612
11350
458
11639
5360
9719
330
14538
10571
5818
11086
12858
3600
17873
10304
3706
1120
8772
12570
7401
13059
14769
13673
999
8379
11505
4557
13390
7609
2632
8576
10277
840
386
16399
4065
17000
13399
7572
11449
16526
3684
16681
17726
7455
12826
15229
9200
16238
5890
15017
16727
14997
2506
7930
11517
6967
7226
10710
14258
10542
14706
8930
5756
14363
5166
6520
5323
7500
9041
7583
11918
261
6338
12037
8935
7955
6912
10775
17533
10974
3481
14906
12807
9948
8516
3921
7825
16477
12014
16908
3577
15512
2548
10980
10246
5859
11091
640
1689
15168
859
14920
11446
9112
6751
16417
12713
15551
8714
3010
1413
3660
16642
4105
4862
643
7846
8566
12747
6741
6777
8098
2642
6984
13712
7860
3688
4798
16676
6114
16072
8437
14164
17207
16044
5850
3026
4584
9527
8314
5662
5309
8332
12077
15759
12160
13879
5315
4807
12216
16052
5439
5963
13738
12574
1557
6057
17460
16244
9203
4121
7588
14292
3204
4693
14493
3197
257
16167
9312
17259
14584
5518
724
14035
12130
15170
9628
12404
7158
15848
3206
17848
13394
1315
6800
16907
17361
10510
8146
15666
9845
16807
3362
5415
3255
17392
13448
7864
2884
8166
362
17234
6627
3033
8347
6580
1990
5735
4614
15893
13786
9983
12161
1485
11314
13151
13790
11312
12577
781
13603
13747
13642
14910
8136
5146
15186
6513
14809
10644
3027
14054
10349
16980
10279
11550
1503
7685
1346
15872
6449
14531
5341
17472
7555
14208
8009
14343
5636
3181
7490
7136
5214
16709
17504
7377
13076
2102
2857
3184
14159
16840
5380
14058
797
15481
9805
4760
12856
16143
3501
15847
350
11929
6216
5568
13968
14242
1115
13553
1445
16516
4577
7187
17965
7836
2162
5485
15887
5311
4238
2269
9107
11206
165
8707
13951
11836
13881
6612
6756
10972
328
45
16120
6668
5240
11670
17641
1947
9794
17767
12979
7623
15069
671
12993
7982
7498
3952
3796
14431
12954
11056
13445
14104
10777
10264
15856
960
5871
7535
16423
7613
11066
4763
11829
16147
13857
4823
9434
9400
1753
6548
14855
10962
11747
7146
10291
1153
5215
6308
13684
17977
7080
7700
13886
12051
15237
5972
12860
3159
12013
5544
5337
13864
3446
11343
3473
9106
5103
11504
5657
3562
7852
5307
14183
17874
8603
13163
2613
1155
16459
13302
11359
920
10639
17538
784
2493
13632
14739
15355
9616
17429
17603
6177
5593
13867
9763
6981
8008
384
9216
2824
4627
6769
14582
11456
12294
6767
16148
8985
1461
12624
15793
1832
2311
15947
10676
17133
17435
10132
667
264
12445
3414
14981
8280
6693
15588
5823
12868
7344
11420
5453
12558
13905
5623
1598
17521
15335
14480
11542
4028
13428
9843
13620
7252
3910
14637
9559
448
12201
7913
15728
4084
14426
1720
2628
1641
13823
16312
16337
1004
6040
2071
12862
4650
16075
8186
5681
11102
9814
2072
10062
11031
15469
888
10053
9075
15244
15868
3964
16738
6610
339
568
15916
12237
17306
5506
15357
7300
7092
9690
17880
16445
6074
17170
8113
718
193
12261
3780
17422
4001
8658
725
7091
13952
13920
15840
15418
14470
4093
3201
14572
15760
9964
17500
471
4755
4043
15979
13880
13325
17841
5348
12533
17746
1465
14988
2520
12012
11286
9436
1749
6406
16905
1734
13515
16184
17553
10416
14166
16018
13249
10738
14601
13795
9178
5658
16064
3377
6302
1493
13516
10283
6711
13524
11087
9040
14590
14351
1672
10941
7790
12477
17235
8343
13365
1200
9272
10512
4690
12416
12568
7366
2543
14057
9766
10342
13257
5887
1941
8502
2793
17282
5961
5250
3973
13176
8868
12513
5933
158
9886
8850
2743
353
2861
6697
8860
9945
7546
2270
14833
17059
3051
14724
17739
10485
9369
1507
3043
6624
2281
17627
8737
3016
7323
8345
15287
8671
2406
16269
6006
3086
1303
800
9812
10702
15092
14436
5898
15486
17950
7740
2975
17404
11855
8766
841
9946
5858
13202
11404
1650
2448
10759
3496
4795
3770
12754
534
11522
11176
7729
12464
15209
18
3163
4547
1767
6414
4447
13558
3735
5872
5434
1089
5239
5717
8588
3613
4391
11316
17507
1443
2404
3661
4178
6029
8482
13230
2695
6987
9288
6014
11846
6622
7220
14654
9823
11447
9938
1458
13295
14165
15673
1104
6465
5725
16507
10080
17205
15954
2977
8813
583
138
8788
3989
7770
5868
16309
16974
1824
5610
12414
15368
2874
3318
7074
11957
8346
1118
8042
15537
3953
15295
12223
13789
11731
16397
9723
8071
5165
2515
5661
2614
17677
11395
5759
11889
4920
4814
11017
3812
2753
3180
8083
16607
6565
12946
10338
3426
8894
6043
2674
13198
16619
11483
4113
3262
16500
10321
15051
155
277
17933
12433
2418
16126
13520
6424
11332
17268
5102
7719
13434
4630
10326
1819
9092
10353
8755
5335
2987
15409
1094
17261
11581
12090
5711
486
7368
17229
4503
17857
13463
4776
17407
13094
10056
6082
4357
8397
13348
2687
9743
4369
13281
4063
16791
3018
12884
3090
8507
2077
6799
10057
11018
715
8617
12994
17075
2981
8535
13333
182
4237
12697
7643
14109
14765
4222
6276
758
943
1913
6846
4190
1542
5827
315
15713
3935
16413
5210
10157
9962
11101
14807
5390
3547
2234
1290
456
15986
16194
8623
9004
3916
7174
13614
11859
10574
12288
7772
12742
17046
4900
6184
14260
8709
17561
15640
5993
10633
17645
6530
8407
10071
17143
7530
13195
2838
17764
6875
17011
17039
3668
216
4748
9305
4024
5430
3728
16364
10990
7771
10327
2104
15799
1297
9861
10105
11816
5813
921
422
7089
6845
17305
7458
3528
12076
11256
16388
16470
15005
7255
16554
3067
10187
3444
2371
16551
16231
12180
12853
6233
6263
3172
9163
14609
4579
1286
1229
13385
2241
6030
9310
14926
10075
5153
10019
405
10650
9232
5109
11893
11409
3550
15508
16333
14379
12101
17508
4494
737
16025
2600
8065
7898
8315
17771
13172
13218
9134
1697
15058
8567
3110
9621
3827
17360
4992
8864
9932
7915
5445
9378
11469
370
3755
681
14687
11304
12099
3597
4800
14859
4012
1263
7197
15824
10530
12058
14083
11794
4152
8686
14768
97
13678
3491
4440
17396
7780
17740
12163
9978
503
14521
17756
4015
17816
15593
14863
16836
13844
4561
16645
10469
14597
7396
13322
6835
3781
15397
8692
6008
3241
13305
9156
4999
9840
12514
9274
3328
6045
9336
2785
14357
17405
17802
11424
1107
542
1786
16179
3833
17468
7918
7065
7810
5731
17971
12007
9540
10908
1535
12939
17167
12340
1313
17346
2275
8706
4832
15772
12775
13488
3710
8034
6095
8915
7127
702
1150
15957
1122
9649
4914
13330
13749
3425
12006
2966
9708
7627
10647
4905
8786
3634
17710
218
1635
11230
13360
363
4843
12834
14216
7485
3969
17548
3436
15543
2808
16375
12437
1888
7657
3736
810
10281
6092
16
15060
13356
10278
6098
12310
7705
7900
3544
5591
632
5035
11490
17221
8532
12239
10630
16245
13583
3872
5135
5860
15660
10522
2051
10318
9833
9495
3150
3125
3954
114
8529
7102
6709
6674
7481
14127
11966
13118
6452
4953
5804
13660
34
17872
7917
11300
10755
15767
3105
4677
8060
8645
12029
6714
4255
9372
5182
9915
1702
6552
9023
15857
17110
13681
8432
4481
1309
16336
16976
4915
2423
10451
5614
5616
17151
15312
1055
8148
13851
10772
16301
9349
2213
13561
6805
3586
13114
16929
12089
14979
9899
147
14539
15146
16841
12804
10331
9466
8605
13375
5624
5237
1882
9644
6160
16515
9484
8027
4772
9560
6037
8007
8414
1497
49
15021
10690
8604
10030
15938
3931
8233
3951
16582
657
2692
3689
1389
8557
11784
16643
13732
5913
14368
11462
8663
8418
9397
12922
1128
14875
8244
6289
16837
1853
14940
9231
12352
5691
14309
12387
8744
16433
12611
3498
3862
2654
5164
3644
8802
5142
3107
16696
6509
3961
961
5034
10249
4425
4773
1330
15315
12375
7909
16344
3186
3697
15989
2917
2726
12996
16040
3307
4741
950
2853
17245
7039
7730
1267
9557
11407
3314
7087
8765
8889
3693
16094
5672
7680
17373
13933
10356
15234
10739
5374
13099
13225
9883
13996
7145
13216
4639
12401
6262
12259
1100
10742
13866
284
17390
1327
14837
11271
10064
6388
441
14457
17598
8999
16740
4183
6550
8771
13308
15326
17461
17862
4119
12613
9873
12246
12771
9634
15034
6920
1642
10851
5140
10879
9697
12831
3992
1897
11076
5180
17811
12805
16164
5873
9607
2527
1899
7068
11703
5489
8298
938
1307
3682
12707
5847
1861
838
14199
6064
1213
12280
12074
15072
10509
2309
4055
17156
11615
8799
15578
506
17607
15972
13705
12147
1544
4418
11575
5196
3742
12506
17785
4377
3029
1476
9071
196
16068
7699
14417
8195
11386
9623
11519
1610
8621
6187
16498
9439
1856
9192
11755
13643
12083
15456
11146
10827
3103
7025
7656
8096
10408
118
16794
5579
7977
9650
4711
12923
10359
16277
11697
15822
17027
4334
33
5911
2565
9223
291
14544
14772
336
2244
6563
5003
11790
6214
11437
16620
1554
2290
13061
13624
13830
17294
11339
2177
17652
6157
16287
1809
16954
796
981
13374
6685
2544
6569
16806
3155
3765
933
2832
8704
6886
8128
9532
13767
11884
5073
9935
5598
12287
15696
14294
14570
9746
5271
12934
10027
17683
2717
5459
7242
9709
5418
16975
10712
8129
13476
8978
11199
8641
12499
12231
13702
4005
14273
11915
2533
4784
16989
1923
17340
1953
12912
7277
2685
6640
13014
16261
267
15913
1319
1409
78
12422
15014
5172
15029
3508
11392
11682
3966
1877
4236
4634
9104
6795
12924
12214
15649
7276
12693
8257
11916
3400
2754
8475
12405
13078
580
6235
13345
17680
13576
16188
3649
3121
5866
12069
6196
7119
2715
6839
17473
15781
13050
16710
9486
10160
6853
15105
880
14333
14777
6042
8964
5303
2312
8842
3203
16407
13772
3891
17741
12929
9068
2332
15393
2337
3106
3214
14188
11843
15003
11021
3807
14559
2561
9878
9153
7126
1194
13264
10896
10721
8896
3768
6317
7778
14937
7246
9157
15993
8916
9494
15755
14332
2294
2125
11545
15763
4995
12958
16759
7222
16519
15988
3009
14305
9094
11903
579
1830
14233
3076
16821
7544
5297
3851
5236
9283
10885
11923
4701
1766
7422
11789
15163
8820
1744
9826
16034
10635
12819
12225
7896
15207
17757
7878
9179
2282
10714
4521
16563
16659
16894
4297
4296
12374
17369
1798
15373
16640
1403
11726
10599
9561
3947
13102
3290
10924
13893
17147
7453
608
1217
10125
11995
14220
15181
14419
17051
7794
11760
17689
1589
6044
12178
15183
5336
13523
14073
3058
3581
2362
2597
10847
8123
9678
1333
4321
5679
5027
15042
14548
17964
7723
2766
7395
4984
16029
9504
4372
2216
6191
5925
16675
12875
6110
13651
12965
5800
12607
311
8619
10769
410
3403
7150
9573
232
14891
17954
7710
8840
16732
11073
8143
11472
1326
12524
14682
1688
12698
9898
3642
8259
3209
6945
17589
11555
7212
17446
14197
10360
10235
4163
7678
10240
8427
9752
5013
8687
8948
14300
14107
13937
5806
17178
12911
3084
5964
713
998
2048
15111
9405
8981
12739
5361
6573
15261
16406
14424
7030
13794
253
8093
12164
10817
2172
11802
1914
14552
7874
2188
8742
17187
8412
16833
2929
11429
11868
15071
4601
15423
8441
17875
4017
9617
12116
15897
8679
7214
786
7861
1357
9337
1815
12743
8743
3456
12850
16945
15347
8225
16000
11083
16137
15338
13832
5444
12750
1174
622
5504
6226
3995
11948
14015
14917
1836
14734
13801
3218
1821
4756
3683
4185
11937
6088
13403
6883
15598
15965
2653
15977
13138
2648
12141
7007
10965
8302
6456
10649
5904
13271
17148
7205
1385
16606
5569
4993
6493
9396
303
2643
13689
6841
4575
4642
13828
2797
13012
10991
1062
16026
2152
15354
14484
11841
7502
16590
15545
11297
14089
12190
3717
3922
6700
10001
3549
12704
7376
11095
13639
7079
7635
17761
13219
6031
7789
2616
6384
8853
10735
4339
8373
7304
11487
3817
12562
7075
5843
12070
11540
7782
4950
16918
6717
17159
14204
2519
6719
4493
12606
8865
5407
3109
2873
2556
4435
8292
4242
17490
8573
11986
6614
1175
8311
9844
6502
11678
17732
1540
17934
11513
16942
3482
7501
12905
1129
8650
4446
1233
904
2328
15833
5722
11002
13793
8793
12897
13612
10109
6137
6725
7777
7335
17618
9271
3665
16888
1663
3174
6574
15213
9255
9456
10670
6766
16990
14712
6771
151
14230
7230
13393
5537
7351
15996
14053
3610
4090
16737
1323
306
5372
4218
9578
3296
16695
10078
6011
9273
2892
17166
7114
2927
10541
2898
13849
4548
12645
180
12459
14253
2397
14011
12194
8341
11698
1021
13217
3031
3036
13666
2815
17939
17527
12409
16561
8769
12251
4229
15026
10375
3259
9867
3863
16230
9170
13228
10945
15737
10127
10575
7286
8221
11034
15940
8297
10936
13974
8209
8884
16061
8804
15206
1633
6899
15976
13418
7034
16024
9751
2711
11336
11005
1137
17845
2454
4345
10144
1343
11127
6155
8524
11967
17152
5244
8599
13668
3638
13510
2346
6421
6331
6478
8074
17203
8503
13158
7482
5357
10528
1887
4605
7199
8870
1795
9120
6124
12776
12716
11382
1350
14610
5589
588
11806
2176
14090
12338
14951
8317
4752
2461
9290
10407
368
16161
660
5916
17991
10675
5080
12425
16694
3513
17296
16827
8126
13492
14635
7943
7499
10694
17395
125
5883
7284
23
619
304
8408
15238
10554
3144
2722
6204
11963
1191
12407
7155
6200
12480
10944
1592
924
8785
9256
4728
8208
569
10270
17908
4420
14030
16881
16193
13336
13066
6968
8917
1740
15182
15930
3611
11620
10728
844
3373
16799
17366
15321
12579
7786
7215
11756
9452
13529
1561
10140
3703
12081
14626
9032
8791
14061
12244
15343
2391
17145
6647
6369
7835
15038
2192
1256
2938
16959
1197
36
7533
1316
2952
10484
12518
12028
7726
17489
14529
5094
4180
17768
14279
9991
15309
5352
2769
6117
10578
8946
12284
12043
17889
6046
17083
6243
9246
184
10487
11064
8264
13339
16704
7795
14009
16138
16339
3329
1318
2816
4497
5962
5471
7051
10901
17824
4044
4972
481
7929
16522
6817
5458
5542
1480
13531
17079
17339
13187
14878
5539
5479
6058
4332
9553
3198
11216
13936
703
11162
17783
3233
7736
16730
10444
12753
7256
11026
16820
6722
6232
3715
3411
4209
12889
12429
5513
6420
7946
9556
8760
2719
6075
5159
4859
11769
5050
561
16631
3371
17902
7494
1628
9957
2472
7130
11491
13875
12117
11313
16299
13031
15623
13366
2094
10565
14372
4466
16697
5127
8564
7973
4169
12128
1678
14099
10809
16036
15314
11093
3102
43
11633
17007
6274
4018
2032
13323
3193
10215
12626
6101
13136
3860
9648
11036
1587
4032
10504
7185
10340
2996
807
16464
15758
15708
5188
12694
17822
9117
4291
3518
11023
5156
5996
1162
6499
628
4510
16843
5426
11225
3210
3509
93
17998
8541
14803
13943
16182
8381
14866
5122
5520
9541
16599
3877
12635
15037
2933
17782
17778
6167
16904
13810
14453
10708
4269
2370
874
15369
2792
1879
17828
2220
11114
1825
12427
5474
4973
16575
6881
2756
1101
310
14685
14256
9614
8751
9047
11848
3671
10914
8396
3621
112
13132
17269
9851
2963
13984
5226
986
7601
5753
5454
4572
1690
16779
16440
15471
6999
241
7758
14214
606
14778
8121
6386
6055
3623
4125
9215
16673
16116
926
7641
10389
12446
12095
15027
11430
460
12867
16713
9905
1772
16113
2292
2306
2587
10704
3790
9774
8926
1072
8478
11797
5528
12573
13989
11260
9301
7525
2140
17183
9258
10449
17575
11306
15970
4940
1345
15497
6378
10271
12327
6953
14459
499
2986
16065
13647
4977
11305
15579
12933
2096
11151
8054
4925
6910
4258
12731
5551
6701
14598
11815
16186
11586
3911
3094
14118
14250
7650
15030
8796
10818
4622
15085
8676
17947
9944
6401
5947
15505
3836
7445
15853
2301
17408
2459
4717
557
4657
14535
16434
12267
2465
5554
16492
9217
2331
3816
5982
3083
7206
14656
12619
17518
16950
9661
1274
14982
17491
6678
16054
12555
3097
15654
16096
13405
5920
1993
9131
11111
2359
16617
13992
16471
5809
14369
10706
5741
7608
3926
1278
6366
13595
15715
1656
15679
3646
9237
17690
6546
4240
5779
9855
15178
1103
2190
13942
15773
6430
16484
4626
11227
8021
2398
14757
12788
2787
449
8962
4867
12855
4844
11318
17417
16988
2786
13809
11613
6001
12009
17004
12948
16435
11252
4436
4171
17798
13500
6417
9943
4808
10012
5796
7393
3451
3225
13051
10741
10696
620
6825
2378
4663
7097
8570
14667
1840
12122
10656
13839
10531
10893
1047
790
1661
5969
11237
16330
1627
324
17196
6914
2248
2537
1959
8017
15898
7108
12719
4927
9874
250
17834
782
3152
11164
16133
16721
10505
9605
10421
12463
1418
14731
1701
7301
13838
3293
11977
15110
7722
10523
3975
5816
5773
10130
17610
2285
4126
14945
14244
4545
8334
14707
15858
12799
3529
11405
10723
2668
3923
5937
13373
12408
14318
16859
396
148
13105
13329
11730
16127
8668
17359
8011
16885
5727
5082
15796
13973
13993
8184
6990
12331
17569
2896
2984
14068
8819
9176
10698
4699
15960
12026
12580
16053
1473
4631
15236
11825
14059
1502
11401
15044
17018
12063
176
14574
7118
7704
15159
7584
4280
670
14464
9963
16093
14919
17383
3244
9181
2098
13416
9285
6641
7636
7534
12936
14316
31
11488
4475
3701
9900
15956
15929
2304
8738
4122
16474
2023
1800
3764
10293
17045
14575
10440
9021
12913
964
1349
14362
6188
7433
2255
7035
7738
8761
2723
10441
17730
10136
12986
14172
14016
5124
16849
9921
15019
8859
9892
11673
15077
8448
3168
14931
7972
17105
7593
11463
1405
17699
5709
13296
16031
15502
2579
17619
12797
9973
2471
17090
5051
10218
8367
5876
4581
7624
14519
17940
595
13068
4256
13602
4877
8308
618
5257
12045
16444
10110
7866
1979
15365
12914
6523
3803
6425
17505
15405
1837
10761
13406
11660
14513
5930
11142
7165
15189
238
16028
1008
3335
1925
13280
13969
5894
13368
14748
8515
9581
1980
3245
15564
8543
14346
10654
17554
7865
16924
8277
10799
12192
13587
11356
371
16842
6304
13903
1474
2605
14023
7759
4438
10663
10927
1596
1457
13266
9574
17530
2181
10842
4202
8538
17122
17546
12816
12722
5644
12233
15173
15746
11497
4514
15467
12171
9809
15382
6823
12608
15784
15562
1378
16780
3948
10250
7467
1013
2812
9724
1082
9500
12493
5375
878
3416
10409
14873
16571
4201
12612
11710
6670
3583
8787
10089
13756
6956
164
9034
9119
2508
8250
16140
7069
1696
14965
17220
10060
404
16630
6971
3795
7100
10193
12892
15458
16060
9443
15413
13835
16715
13638
12530
2936
6559
3902
10616
12887
5525
10916
11961
13414
2739
16252
7882
2429
11945
13658
1257
8025
2154
11548
8164
12300
5060
14820
9984
17060
13303
3310
9777
10195
6596
9717
11819
9589
15108
5829
10831
13645
2443
9594
15896
4879
8614
9919
6791
6764
269
2042
16057
14839
2150
2497
13113
2196
8539
6584
8356
12005
5287
335
3472
7854
11796
4827
8571
3574
15082
6960
4679
4188
3348
7834
13710
10930
13822
8961
2124
15596
6007
17400
11208
5230
16322
9549
285
3380
16808
6139
14823
10137
13760
6336
12701
12444
16585
1183
6133
6365
12632
4732
12256
10811
3766
6321
812
4802
17655
5221
3404
13819
12465
10981
5789
9347
3034
17499
8694
14634
9278
4091
5833
5728
4362
8461
15329
16006
7066
3466
9422
2972
15634
8831
9509
2449
17118
10388
10932
14471
2932
13064
2289
14175
15255
17275
15860
15952
13475
13675
16879
772
16992
5547
4985
15265
2440
14221
426
7321
6469
16891
16416
420
15936
7558
4934
14857
13985
14628
2219
12504
17794
15583
10734
10733
571
14280
11516
12952
2492
11828
11370
14195
4198
10333
12298
13041
16187
17556
14843
3582
6850
7687
9815
9881
3463
13268
17276
8420
6052
8731
12370
14876
7404
12572
11979
13544
17176
10162
13253
4079
6394
14021
2881
2541
1192
13759
1528
17808
2075
7337
744
2334
223
2318
16783
7350
16042
11611
1426
9039
9497
16343
14285
3165
16966
11427
1149
7121
1894
2944
1568
5635
1193
2535
15642
14096
5803
14591
16443
9299
5363
7096
15906
6284
3431
1954
5118
16826
1593
5247
5291
1971
11019
1384
17328
12560
9238
2709
9103
13437
2093
1651
13239
9110
12655
989
1182
11250
7721
2863
4403
5685
12490
14496
5886
10073
7125
16463
11964
16256
8086
3905
6470
15302
3312
12640
12790
9308
12881
13297
16295
14743
11904
442
8361
13016
1757
8669
8107
9587
7919
4489
17972
14624
6852
12828
10882
1114
16259
17821
309
15865
8909
14335
14088
1455
5755
12419
4812
12778
6593
194
12779
10961
876
331
3119
14443
16686
472
522
10889
11614
11899
12597
5207
3390
2153
4948
9481
17712
1845
12723
6654
3822
8428
7612
9653
8160
959
15595
9204
6367
16739
14123
3928
826
10466
74
10103
3751
10949
13889
9780
17274
16866
7551
15204
949
5627
4388
3022
785
14094
4250
14154
7239
5500
5243
10234
1630
2651
4771
9569
4628
10006
768
14001
8099
15707
4852
411
4505
198
16823
10380
13664
100
1324
3637
7819
8593
4116
17202
9950
6677
11732
7352
13167
12236
17907
16381
14466
1512
7275
10819
12495
6034
17888
11388
9432
12977
15500
2462
11014
5428
16913
14485
3521
12461
11597
12060
9011
5712
13570
2375
7923
731
898
13773
8847
14449
5650
12811
14500
8597
11249
12759
5174
11795
16666
519
6669
10120
13045
5356
14760
12502
14460
16446
1356
29
1374
1792
2103
10601
12927
15195
491
16621
8197
3713
8212
8562
9259
15842
9354
15311
9323
8708
4422
6699
3663
13800
5229
7718
10519
4469
3746
7477
17567
11048
301
8715
4004
6060
3738
9476
17378
15821
2983
17078
11788
9914
9961
15151
4241
8127
11140
3654
7057
7801
12415
7990
12764
15162
4246
4574
16611
12189
11070
9640
8758
12662
7381
12221
6005
15106
8170
7904
15345
5508
6315
16481
8182
16452
1295
12588
12985
16870
2305
7357
17381
5043
13928
14497
69
2714
434
1575
10106
11946
7941
5706
5332
8173
9377
16390
4692
2609
17397
15119
15266
11445
4081
16573
16949
11167
10438
337
11642
365
10996
16035
13231
962
8942
8263
12031
270
7290
12206
4929
14607
10688
15511
9090
7994
1154
11725
751
15318
10524
1379
6827
11054
6959
6245
6555
14657
11954
1890
13272
5328
6629
4573
17986
10529
9575
10602
6606
5799
892
3805
2704
2445
4818
13882
8300
14811
3351
16359
8897
12478
15334
15710
12324
10587
17980
4919
604
16940
9702
17266
3130
17457
5402
4695
10158
952
857
4651
9759
10232
2979
1706
3866
10836
15395
3128
6288
9519
6363
12641
3784
13648
17916
3132
13691
6325
936
6743
8607
15702
5592
4148
16579
7523
12068
367
6926
14515
1571
15984
12306
799
1181
17920
12443
2731
6660
6921
4197
11583
13621
5429
17336
17095
17230
5615
6589
17384
14816
9730
16926
14845
13923
7610
13597
15429
7469
6003
4895
9381
4118
2330
1080
6431
9411
1093
16984
3990
17425
7754
11376
6489
16039
13962
4856
1829
5855
1864
11696
14663
16754
3337
1857
8855
16829
1783
8103
11832
10088
3050
2170
15662
5979
9116
6652
9195
6830
16917
9102
6296
13121
5379
6249
11280
2623
13986
15978
14205
15118
5830
6298
9054
13412
10009
12672
3702
12112
15711
4689
13449
10221
5664
4099
11647
1242
14787
15192
17200
15138
14856
12857
13900
7047
6553
1621
14915
8750
5924
1329
15139
12505
12621
6355
2701
15165
13623
14526
14182
14742
3116
9035
5321
11486
480
13341
11060
723
8608
12148
15719
17760
10622
1478
3942
12030
9280
16175
11389
87
15470
13010
4747
12102
17123
17214
13965
1765
8647
3572
17165
14397
12814
11453
17570
12317
7367
12976
16798
6362
6498
3220
11600
4955
8540
5653
3354
8156
5044
6780
11072
7964
3619
14307
3640
14014
12332
17784
15422
3561
10139
14430
16487
1201
16173
443
6511
9401
806
4753
17111
5715
11722
795
2663
9207
4285
4975
13961
17026
13693
10590
15478
2403
742
7464
7448
15645
2080
17387
14992
2907
8773
2433
3331
14747
14400
15150
771
1989
4167
2174
823
15451
5092
17669
3122
4123
1314
12517
17632
17199
7626
12293
8665
4337
11223
1321
9662
4888
6533
2222
7739
3011
15507
11622
1822
14169
8629
10067
2469
8826
10897
359
2139
9645
15928
7630
2741
4318
4413
10146
13174
12900
14064
12872
172
16191
6712
10669
4013
9144
6083
757
11088
12353
15880
7361
15509
13413
5163
2622
13805
10225
14650
2707
12529
7348
7254
12188
5940
15416
17053
7565
2046
15518
3356
12995
10339
5340
13528
16763
6892
11175
4829
5130
3698
7817
2640
5427
10964
123
14048
10816
110
4033
17380
6704
12601
3176
1045
552
2847
14340
5943
13213
11787
873
1196
17721
14890
9995
9143
12152
4988
6251
13128
2451
490
17503
4883
16284
8513
6828
3594
11695
4375
13729
6013
17714
17656
13461
3385
8906
1562
2615
8651
1467
11571
11149
8517
7001
17629
11277
13650
13845
4216
1338
10959
9244
10258
6240
16421
5603
7858
2291
6958
1448
2512
7208
9810
9168
4141
9426
10429
13074
16628
17415
8838
6929
5564
16947
17453
1896
1517
15513
8973
2198
4179
12134
17955
199
7987
11418
3994
7078
8119
13038
988
8924
6373
11384
4340
13141
4751
4667
17037
17335
6807
3153
3299
3326
3901
13941
7799
15721
8734
12489
996
935
16609
679
13606
7536
3357
3515
4549
12008
14935
6952
5648
5277
7332
9152
10476
2681
10213
1431
3551
17752
16448