2151
2332
3415
885
3293
2409
5441
3508
4340
215
363
2367
2746
1373
1709
3833
104
4034
2727
1166
2188
869
2449
2581
3591
2211
2115
248
2093
1219
2753
4953
3494
2254
3505
4212
5532
4775
5343
5299
953
1190
1397
489
4632
2012
4092
802
935
1180
278
1167
2393
5853
4324
798
4792
3684
1224
3737
3597
1188
2979
2030
3478
2466
5132
366
3425
1926
378
1463
3455
2121
5544
452
5857
537
4673
4015
2670
5661
5011
221
882
74
5699
5485
4915
2153
2441
5089
2417
1419
4951
2125
2837
2494
3480
1093
3791
4877
18
4167
1320
1218
5669
4719
4851
848
5546
2595
4367
409
5067
243
5209
1589
5369
3563
185
4584
3400
693
4597
3890
5689
4417
4748
1099
1279
2850
679
5309
603
3796
963
306
1635
4187
4205
2847
3579
1911
2938
3035
328
1828
4338
914
3974
2049
498
1531
3327
902
4209
83
3898
5976
3716
403
2249
2342
1512
3070
4801
3752
1732
4044
302
4761
3333
1316
2172
2934
53
2852
1788
5327
673
5383
2379
1645
2828
1909
4921
969
5821
4617
1027
3862
3915
4414
1403
3420
25
635
475
5810
5085
443
1076
3144
3771
3297
912
482
3524
1296
5841
2464
5787
2697
110
3845
3042
1984
3652
2117
159
5496
5693
1236
5258
4916
4982
271
5890
5361
4214
4666
4783
4699
4286
5575
4692
3647
653
5124
4379
3470
5744
2036
879
3970
2066
3831
5203
4463
1138
5914
3028
2664
2175
1307
915
2696
4510
211
5160
4799
1379
4990
5149
726
325
2898
724
4412
5958
5764
4507
2309
2047
1683
1861
1915
36
5345
2105
5754
1388
2518
4275
1725
2475
351
5442
4759
750
4944
4691
1653
343
2085
70
641
4287
40
2892
2772
3050
5653
19
3826
3961
2430
2984
5743
3631
4288
2496
1220
5992
5877
1199
2861
1882
4776
5039
5078
5861
3340
1044
2235
15
687
3521
761
365
2142
822
1869
722
570
5540
2498
3088
3456
4036
1289
5729
4955
2813
295
32
2366
675
5642
4194
3476
2869
1677
5791
838
5961
5045
1266
155
252
5972
4548
5683
5285
1298
1407
1810
5391
3520
1947
1664
3859
2884
5054
4014
5223
2679
3005
22
2652
4824
3492
1799
1446
4969
250
627
4407
5618
3011
5922
917
2137
462
872
3117
3766
4638
3484
3872
3763
2893
4920
5465
1175
4662
3067
5666
4128
4670
2414
5826
4059
5632
913
4571
3788
20
5678
4646
304
5667
4512
2692
959
2621
1482
5703
3014
4018
2707
5058
1458
5598
850
2145
5500
2877
2731
1050
2182
1402
210
2710
126
4683
1359
4019
1023
2642
4657
510
703
5228
5611
671
4054
5771
2541
599
3026
2150
1270
367
1815
1552
91
520
5158
1686
3880
3487
5502
530
1792
1499
2040
2017
759
2976
5724
522
3539
2599
5440
2637
4827
555
4083
4833
4841
5696
3743
4437
2026
4728
3182
3846
2662
5583
2587
5028
5919
1074
390
4929
5098
5612
2922
3247
2701
5192
1720
4070
3907
1091
4870
2174
4702
4177
3199
5650
3811
4860
2716
950
897
2289
5905
2127
5904
1958
1393
5328
828
1873
5742
576
5634
3640
5233
3633
930
2787
5428
4829
2915
3029
4353
3172
2638
3729
1681
3337
3546
4450
729
3947
3847
560
2365
681
52
5686
3782
713
2173
5015
3198
1843
5259
49
1051
865
5691
964
2301
827
4151
3061
1989
4260
4970
732
332
4977
5718
2305
2756
696
3707
5847
5556
1604
3896
1170
609
5079
5315
2067
1308
2285
2857
1481
5091
3053
1864
4868
4787
5615
3229
2923
1879
1013
2747
593
1404
1394
5339
1987
3187
5042
2666
3754
3698
2298
3966
2629
2605
1040
3223
916
4892
1742
440
4713
1839
5284
5270
5184
2920
3237
887
2181
3283
3757
2157
333
1435
5569
4114
4630
965
799
5242
1654
186
4251
1417
613
4804
154
4424
5876
2102
1965
2123
2597
3629
5800
747
5525
4785
3561
3717
1871
5038
4616
1356
764
5557
3724
2397
4927
584
242
4273
5448
878
3418
2674
2582
21
5622
540
3976
4176
3056
476
3794
5229
3897
307
4263
5235
3867
5608
4444
3446
1718
4922
638
3377
3176
1798
658
3171
450
5474
5446
980
5331
238
4888
1996
4304
1125
2654
3538
2848
2827
1795
3540
1302
1369
3002
1249
146
1139
526
2676
984
1621
3996
5963
478
3779
5855
3665
2406
2729
1506
5144
5077
3659
4003
1484
1246
4343
2580
4048
5298
1885
1495
2504
4781
824
3693
3555
4566
4923
5166
3804
4052
4534
3607
2171
2730
1148
4532
420
5881
3732
4451
5883
3350
2112
2749
4126
5954
4579
1614
5471
2507
5803
1750
1284
4084
1260
986
132
1276
4925
5668
5607
2410
1771
2035
5600
3285
676
5998
2513
5707
5865
4812
1905
3507
1569
2623
38
1923
2563
5784
2348
3204
5547
5558
2891
3236
4042
3702
95
5139
2672
402
1229
1690
667
5257
800
5176
1381
2690
2524
3257
1526
911
2003
3842
2283
5609
2856
933
334
5087
1624
323
5271
5107
1399
4515
2398
3416
5799
4561
2189
4157
767
4321
2530
2593
398
3391
810
3378
2476
4001
4620
4562
1272
501
5034
4408
3226
4082
3242
5896
5541
4721
3170
3829
4494
2394
1032
1124
547
4071
3240
2958
3886
5080
4375
4235
4465
4277
608
1461
3656
233
1413
604
1207
5758
2031
4611
5167
2133
3786
5605
3858
1140
336
1041
3329
4612
5507
684
5137
3774
2966
665
1768
5279
3800
971
3065
5516
1617
2540
4886
175
2467
423
5129
4222
3583
1999
2789
683
4141
5528
531
3657
2054
3275
3954
5071
1661
98
3046
3443
2207
3371
2529
4859
5710
2079
602
5562
4274
3106
1717
4752
4431
4104
5536
1566
3963
2556
1536
2634
4679
3338
2694
5680
1628
1310
379
3742
1491
3084
5818
1754
2592
4492
34
4528
564
656
1028
3146
5188
5349
2683
131
3256
3773
4991
1901
779
1434
4063
4957
2478
3559
863
1733
296
4309
2376
3680
5950
4065
4230
1738
2512
4685
2932
5498
1067
502
688
5255
3548
103
5790
4117
3349
3134
320
1524
5956
2514
3562
3147
4705
4988
3883
5509
2129
2539
1889
3032
479
1162
2682
2658
3566
3676
5737
580
57
1731
4428
2771
3317
2517
2421
3174
1065
5313
4876
1211
342
2442
3895
2854
3180
3861
3605
1582
1931
5770
2293
4523
5542
1438
3932
1776
3424
4133
4641
2162
4966
1759
1017
3432
5637
3083
5939
672
2733
2287
4715
3228
2951
992
4840
1576
979
37
4166
497
364
5980
4643
2296
1411
4899
1708
4522
1655
1659
896
4591
299
3008
5318
4931
467
594
5
1737
566
4867
4302
5177
3622
3687
116
2565
1354
1844
5084
3922
1998
1
3824
3259
2089
4978
820
1328
4055
2946
3806
5499
3518
1063
99
1561
3260
957
880
3150
3554
1108
3589
2327
4218
3618
3662
4825
5388
2699
5155
2216
5721
3760
3357
5983
4992
1056
1376
2858
1516
1613
2461
5577
5574
3235
5812
769
3376
3937
642
1835
954
5003
4704
4751
5635
3474
740
456
568
4634
380
2936
5705
2252
5945
1528
1059
1449
5719
835
3246
5580
1891
1877
1004
2913
4164
5410
4461
1011
922
4949
5095
4810
2547
4150
2900
4790
3560
1089
4755
2750
76
4170
4232
3746
1991
1348
4298
4471
3267
618
2295
5571
4196
3490
371
2612
3483
2277
5848
2320
226
410
5933
2793
2179
4731
2579
4594
4693
4509
4697
3009
5162
5817
3726
4712
2099
1728
5616
5101
5900
1304
5453
4838
457
5831
1003
4108
5439
3211
3238
5185
583
4862
629
1042
3157
1739
5806
389
3125
1587
3602
5280
4784
819
314
2661
3096
2078
2527
412
5987
2371
2451
1100
2839
5872
5447
4720
2500
5930
2604
2433
5055
972
2364
2469
219
1297
1997
1231
5921
4883
5845
5623
285
2627
3466
4067
4588
4330
3239
5291
2166
2962
845
5415
5417
508
5444
1337
2794
3457
5835
1366
2723
2107
181
3124
1693
5239
3643
2993
1805
2247
1669
2619
1820
5289
1896
2248
4695
1599
2311
3677
294
4884
166
4147
2437
4938
4135
3801
4496
1668
2981
266
5560
2255
4541
5178
3190
5501
988
5467
5211
3393
5023
2585
4430
5760
2973
3978
153
2101
1061
1468
3201
2758
2140
4795
5749
1029
2183
4245
5674
1489
1765
782
1149
3553
977
429
4206
2762
5515
1682
2343
4701
129
5430
2502
5240
4688
141
3818
4583
1352
2872
780
273
5746
4359
3709
282
5856
940
5527
3441
1150
1941
1274
2614
4296
927
4198
3111
628
2826
4303
5649
5402
3946
1808
3245
3706
5586
4195
2766
337
944
1929
1600
1520
2118
5002
4278
5621
4106
3320
5851
1605
5808
1819
1887
5268
4341
4259
346
2224
3877
5606
2618
147
781
591
2806
3871
1554
5772
4718
3328
4491
3615
837
2799
4057
2116
5414
5858
5807
5204
3272
5181
5928
3214
5272
4674
1285
3363
3335
5365
1804
3439
1014
1748
1884
1110
3501
1462
5377
3995
3960
711
1508
1774
3401
445
3765
1426
361
2851
5960
985
5539
1763
649
1277
659
1090
1749
1827
2158
5378
2516
5094
393
1440
1540
4757
2202
756
4786
4805
2526
4382
3616
4308
1597
5589
4644
939
4229
2575
2677
2763
3428
4653
4264
4291
3207
2568
2708
1962
1444
4326
982
4546
3951
2594
3816
1745
4879
1257
5115
1724
229
945
3460
4554
2154
1291
5741
3356
5413
319
4306
960
4937
1950
2844
2810
2230
4605
3160
449
545
2992
4502
4667
4544
5401
169
2446
4593
1581
4041
4056
3341
112
1944
4563
4066
3869
4282
4371
2622
1794
2372
5230
3919
3387
3024
2269
4389
1497
4954
1961
923
474
2408
2341
787
4948
5578
523
100
3502
4029
2691
3488
5781
90
3021
4607
1559
4828
5923
2308
3430
3920
1611
487
1914
2391
4848
2554
195
4377
5830
4267
776
3426
970
4745
3234
4132
1009
3585
2577
5898
4821
4116
4778
5196
2611
428
3325
27
1538
480
4253
2064
287
1814
2722
264
1184
832
5825
1822
795
1937
3248
3820
3069
3107
4233
3510
1620
3762
3344
2961
483
3458
2744
3205
5416
1351
161
5123
2382
2091
4434
1695
5037
335
4483
5522
2041
4746
4193
1910
4089
4331
2399
245
4257
3191
3076
5400
4766
488
4276
1616
1626
4663
5592
1710
3694
760
2008
2715
2816
5911
3185
1509
5454
2090
5794
1143
1990
4478
199
3351
2779
5140
553
774
4144
4466
1878
4368
2339
5887
5684
3666
2972
5866
1638
2055
5072
1952
1303
2573
2042
3156
4143
967
4178
5597
947
631
1691
1109
4640
4445
868
1928
4366
1601
4154
562
2407
2447
1903
2825
4397
5613
5248
3942
3690
455
2076
50
612
5433
142
2038
3094
3600
1153
4989
4822
1847
297
4818
2331
1098
3557
829
1498
1553
2971
494
730
194
11
5526
2994
3139
2273
4912
5021
3578
1730
2492
5802
5256
4600
3093
978
4354
2373
473
1267
2044
3366
1173
3912
1678
1980
626
1636
5287
996
3738
4238
1974
2310
1863
2609
1293
705
43
3994
5431
2862
375
2808
3274
2968
2423
3819
1562
5988
3108
5302
2128
5697
3266
4820
4097
686
2620
3251
4119
3131
3177
536
2720
5716
3161
646
2092
1187
4295
4609
5297
431
4432
5657
4743
1335
2980
3410
4416
836
3102
1647
4650
5870
4963
4289
1232
139
1208
805
4590
1016
4777
4101
3049
3941
3368
3728
4173
3682
3486
3294
2960
2232
2241
1147
1128
2823
4095
1500
2489
2889
1803
5774
4172
427
1744
3822
3048
3485
2480
5489
3392
1386
634
2141
1522
5120
1022
33
3691
4570
5967
1483
569
1203
461
1825
2251
2550
3646
3381
2292
5815
4642
107
4473
884
3074
5543
3059
3419
4750
1445
4258
1993
4357
272
2738
5250
3013
1590
3452
3522
187
4452
718
5300
3277
222
3748
2006
4007
4191
2165
5957
5481
5590
743
165
2236
4589
2227
4984
5261
1813
4317
2569
1573
4774
4125
3142
783
3670
5363
5518
874
742
3213
263
3601
987
5238
1585
4400
5909
5352
1778
3635
2082
4384
2659
1361
5965
3610
543
5088
3715
5823
4086
5966
746
5723
716
3031
3136
5346
2830
3254
3493
3781
5809
549
1586
2693
5849
877
5069
5971
5218
2148
5688
3535
1865
3882
2680
2646
3848
1043
734
3123
4215
311
525
5867
1674
2724
5376
4530
5112
2384
3121
4791
2294
298
529
288
2219
4935
573
4472
3674
2109
1062
3843
5844
2883
4682
3115
1932
4139
1764
1389
4551
385
2242
5769
4835
5341
2774
4780
1372
4438
387
290
2929
225
3453
2748
3039
5154
2559
4443
788
3721
3793
844
1312
3719
5097
1350
5548
2911
1752
4027
758
3066
5762
1007
2712
5676
3900
117
2083
1751
5834
2591
5495
5908
4764
4246
3990
632
4369
2375
3802
901
4156
3450
690
5862
1466
5665
197
4823
3836
4447
4874
5824
3184
28
2505
1698
5457
3828
1474
3997
338
2136
4976
4504
4604
1116
4881
2963
1038
196
3714
1225
803
5491
4811
748
4536
636
5492
3110
3621
1415
2924
5788
316
961
2226
3459
2345
3809
3196
5424
321
952
542
1423
5001
124
2039
3688
1517
5624
3955
3158
4047
5917
1631
3395
5878
436
1545
1485
5138
1670
2011
1530
4686
1254
4564
817
87
5796
4061
2402
4760
3348
4171
1437
4658
2272
3523
5813
4458
4129
4372
1548
2215
2767
4183
3650
3206
2574
94
3216
647
4487
4385
3641
326
823
2842
4999
1057
5916
5052
2322
601
5075
2457
816
5840
3472
4329
4314
853
2326
1598
1164
1593
275
2632
4763
5822
2282
3750
5670
3295
3052
621
5355
1334
4285
4134
4698
2705
4391
1326
1612
3799
5768
4352
2126
861
5572
167
881
4905
3034
127
3063
3438
5273
1948
2103
5197
1049
5292
1766
4869
204
5092
4511
2768
1084
1845
3999
1780
2982
2606
3354
3271
904
548
2490
5319
2020
3892
1112
2210
4803
5422
4252
567
558
2340
5712
3644
2885
5445
2411
4900
708
5717
1340
5213
4647
5920
5940
4265
5275
5274
3506
1265
459
448
270
994
4335
3626
1258
5531
929
1120
2741
5368
1451
1842
2713
5913
5450
3399
1371
839
1570
2257
4981
4735
4545
5651
5227
785
3598
4493
3511
2571
4180
5567
360
1543
5503
921
1789
3374
4739
4560
2075
3411
4730
728
5996
4742
5953
2220
454
5152
3027
3849
1382
5480
2313
5224
4365
674
4131
2317
4587
1547
5977
241
3884
1375
1637
377
2602
5942
5180
5701
4645
292
3447
3319
3015
1163
983
4224
1070
2460
223
3135
2950
5253
4773
5466
5333
3681
5105
5429
3006
1972
3020
503
5148
1642
4208
3810
3077
1649
4896
1679
3857
5585
4305
2777
3918
1432
4656
5173
4567
2443
1535
5535
339
5397
1722
2610
394
1396
2613
3101
614
5342
3448
1248
2751
3500
1796
2925
193
3527
4975
1935
2703
2834
4
2868
1058
5886
1465
4192
5640
596
3040
5765
68
790
4118
500
4753
310
286
1855
1523
3933
1171
4894
3194
3772
5629
2765
4962
535
814
3860
1228
3761
2734
804
446
5065
4022
3331
1144
7
2910
1217
4654
3612
3372
2519
5704
5926
182
3280
5153
951
4678
1191
463
1024
5897
3514
2702
1213
5096
956
5122
1514
1072
4254
4943
815
1785
2917
5329
5990
3916
2335
725
418
1322
2139
4933
4919
5102
1457
1544
1925
4543
1783
3469
809
384
3224
1433
4993
86
1365
1216
2302
4904
5456
5497
585
1159
5934
4017
5358
888
550
1064
1953
3568
2114
128
1345
2330
26
3979
2785
1662
2267
3497
3232
5290
3465
5570
5955
5201
4159
3734
255
3957
3830
1152
3658
1976
2381
2926
5797
5438
5524
2264
2737
579
3965
2804
3699
3940
5017
2233
1422
3064
4168
4028
3467
1985
347
5508
3913
2576
4035
239
3385
4529
1533
3649
4628
1511
5461
4346
1282
1583
236
4619
1770
2537
4033
720
2386
4637
5168
2956
4878
1757
1797
3874
1367
1969
4237
4073
3104
1086
392
3408
1658
3512
4980
3422
4623
2263
4013
1981
5959
3166
974
5405
3888
29
3241
2871
2472
2521
561
2940
1306
1136
3980
5792
2566
3700
1183
2669
4525
5935
5143
5974
3212
4142
3711
5889
5076
3689
2881
1852
3934
283
2721
3130
4203
3580
172
1069
5925
354
3582
773
3347
2428
3551
2616
5114
1667
3434
5603
3678
1602
1412
5711
5751
830
4322
3574
4808
2422
2009
793
2598
2681
5679
2338
3823
1741
5564
2032
3279
4875
5236
1697
1493
4482
5776
1156
329
158
2023
1660
3394
5217
2084
1111
4004
5232
5245
5726
5018
4470
174
539
3931
5529
3747
4967
661
4069
4716
2790
3929
4091
1684
1781
4726
3140
5519
4024
3287
898
4334
5131
3727
5305
471
3491
4085
3739
685
678
4789
3270
2628
1578
2274
3572
3163
662
1321
1652
3783
640
3173
3850
1010
374
3651
1066
1627
2572
617
5265
3099
2818
4895
5283
4815
2073
308
2355
2997
1634
1158
5348
2998
5552
2356
3695
5234
3312
4687
4050
5418
2511
2878
700
5247
509
1194
3623
5451
2253
1073
1912
5647
4386
1037
2945
2876
3315
4436
4664
717
4882
1651
3168
949
1787
706
1700
1711
5392
4498
237
4710
3577
173
3252
3301
2436
5073
1280
812
2163
5902
3461
2780
1325
2086
3619
1075
3332
2902
2843
1897
2805
3532
3899
3477
1629
5538
592
4339
2886
4887
4608
3870
491
3496
2359
4926
4297
2817
2941
736
3571
2061
3323
622
4856
4149
2583
5458
1186
4388
4849
4843
5046
1114
3969
348
1705
5997
4234
2378
113
2840
3625
5775
4058
680
4733
4211
1890
5573
3768
2290
2865
973
3091
2864
4078
45
5460
1650
651
3057
1410
3770
995
5041
2545
2822
3188
1107
184
2509
5610
268
2776
5985
5738
2195
4107
1833
3636
3856
3118
2124
5952
1222
5423
704
1577
2775
3044
2479
2178
2286
5477
2463
1688
2809
4051
1478
2231
4243
4924
1400
1964
5596
937
4813
2027
4968
1081
151
4747
527
3364
4659
4457
2266
1689
4945
5231
188
2832
5024
1881
857
4994
1288
3764
856
179
4025
382
5141
399
3133
4889
3345
1243
2882
2784
3834
3281
4429
4111
3839
2990
4558
5892
3197
435
4347
3444
1736
3904
2209
2726
4952
2156
495
852
3404
470
465
948
5566
1977
2645
3708
4519
3608
1622
751
552
1202
2045
1875
1174
1006
1020
1115
5051
5673
4706
4861
2639
577
2106
4037
2957
3720
260
1595
834
1975
1198
373
2624
1945
1383
831
1706
2048
485
2488
3495
5733
3930
3060
1429
3675
4219
4863
218
1848
4817
2635
2786
768
3243
518
2836
5978
2821
5090
4671
1563
4582
3542
1374
4816
2058
5708
1391
1902
84
3865
1666
919
4462
3668
4096
2991
3944
2520
588
695
5409
886
4378
5163
4376
63
4422
5202
1135
414
2007
1005
1155
1239
3358
3962
5254
3531
3437
2122
2660
4217
3249
2954
707
2743
92
4362
4741
4800
932
3808
4186
3935
5353
1743
3181
3464
5286
3058
5636
88
2419
2363
2495
5885
2626
5584
3667
5007
2170
265
426
4942
2143
2200
5252
3627
3289
4959
3203
1979
3215
1185
605
4765
2416
180
5190
907
4087
5093
5395
532
3017
3079
5427
2268
1019
2213
3741
1876
5553
2773
3112
5513
3001
1921
4964
444
2535
5846
4834
3162
3186
5767
5591
3544
46
4796
2546
2833
1161
4858
4349
4312
3068
3803
1390
5216
1824
309
4261
5312
4153
1760
2643
5722
2314
5326
2895
669
3427
4595
2553
3253
1727
2462
3925
2942
5932
5033
5581
3062
189
5195
5991
4398
4045
3221
4807
595
4676
5127
559
80
231
3373
381
3369
702
1791
5554
2745
1387
341
3975
4315
4100
876
1995
3498
499
3516
616
2995
3313
4446
5903
5563
4700
164
1779
3777
357
4872
4517
1596
5381
5293
866
2050
2795
2916
3255
692
1244
4184
5351
3537
3370
2709
4599
581
1663
3386
5464
3967
2933
3153
4831
281
3322
3109
1428
5437
5504
4846
3552
3837
5214
4732
4060
4124
2544
3119
3653
1323
2814
1060
5864
2601
5521
2769
4268
5816
3036
3713
1439
1241
1205
5970
3989
415
1898
652
254
813
5200
1268
2656
5795
3479
4839
3178
2328
5757
82
1459
3339
1095
4527
1675
5604
5748
3887
3311
2299
3412
4513
5455
2939
1868
4311
5215
4696
2057
2440
1823
2853
5020
5133
587
383
928
3306
5873
1392
4459
727
1571
2760
2668
5323
5756
5588
1035
59
3998
2351
2016
258
477
249
3730
1134
763
4553
3045
407
3745
1031
2863
1603
1606
1269
5479
5469
5174
2455
1262
5627
2969
1263
2558
2265
492
5587
5014
3584
1866
4639
2912
3736
5561
5893
2144
2362
4270
5332
4636
841
3866
2655
1777
5276
5083
3314
2531
453
2887
3081
44
3928
1087
1715
356
12
4814
14
4425
778
3950
2046
1476
1893
4242
4313
1840
5836
23
1850
1165
2640
4409
5602
291
344
5687
3284
1441
3300
3038
3222
400
4307
5171
4505
3263
3685
5490
2487
1648
1195
5617
1816
3360
2899
2953
2801
1122
3525
2214
5205
4987
4020
247
4897
3692
1336
3019
4615
3454
3945
5406
5929
2389
1292
5035
1344
936
31
3807
506
3071
2404
1775
2001
2684
1452
1529
4914
668
4088
4440
5779
4435
3586
1223
5755
3406
5344
424
4539
60
262
1812
2353
251
5367
2239
5975
1933
5316
590
1256
425
4325
765
1176
4837
1870
289
1836
3885
2256
1918
1168
997
1546
4360
4549
3628
3302
5251
3881
4631
1342
890
119
5654
623
2788
451
3225
5735
4197
4497
1934
3276
4283
505
148
2456
2396
1146
1867
3113
5175
5324
1398
58
2515
3876
2650
1405
3972
3923
5927
3902
4204
833
5655
2186
4729
5350
1305
4767
42
5511
4350
1477
3278
3987
4832
3154
513
4996
955
1250
5860
2728
4109
2111
3673
1633
4722
3581
3642
3343
1859
4547
2161
1414
4749
2243
1579
689
1252
2190
5111
2919
3025
1471
5472
4074
2192
408
5761
4665
5198
330
2491
1801
792
4627
5063
71
859
1809
1068
5207
3595
4580
889
4026
5943
3964
5210
1275
2110
4675
2370
4387
136
3261
1883
1494
5371
5426
1102
1608
2700
3868
3016
655
2324
5266
2689
528
2736
4175
4225
4090
2551
4421
4370
368
752
220
3776
2459
2578
5827
5681
3977
4768
2187
2468
3953
3375
5759
1179
2276
5912
4910
3353
4426
4373
1209
1643
5005
3128
5773
1200
1630
572
4626
1456
2625
3825
3309
2155
3352
710
5336
2548
1904
2438
1368
4913
1894
4864
437
1283
2185
5264
3550
2484
4053
4216
5036
1951
2732
5104
4137
1251
205
1723
968
5108
1584
2904
1001
3023
3938
1591
5486
1105
2194
2948
571
1507
791
2567
1113
4928
5565
1177
926
3775
909
4985
5100
4213
2368
1360
811
624
77
1983
4102
5947
3973
1212
3473
3981
1992
5938
4401
96
4908
2096
5070
2100
5374
976
4292
3534
2755
3533
2198
369
5478
2270
938
3100
1747
4392
4448
1834
598
1154
1880
4030
4514
1464
1221
2053
4762
1295
4332
4255
2719
4122
1169
3047
5325
4756
1906
1377
5656
4356
1568
170
5061
4997
2918
4453
48
8
3632
2754
2508
633
1713
4961
1712
1564
4403
4758
1214
3853
4508
157
2284
391
4220
4120
5386
892
4573
5364
4188
517
1610
5380
4262
5113
2717
3073
3878
3219
3756
4223
5157
3959
5434
1311
777
5537
122
3334
3661
2879
2965
873
5720
4891
1773
3993
5186
3541
5012
256
4621
3321
2897
826
1769
3244
2499
3086
806
2221
3440
1758
5730
5506
156
4809
3863
5394
4850
4247
5725
694
4441
4844
2108
3167
3089
858
3359
2783
908
3000
1357
2644
1317
30
4413
4911
1469
5031
2819
1729
2361
2454
2977
5373
3982
5843
1401
5884
1963
4618
4717
620
81
2800
5745
3414
3630
2974
5151
962
1831
447
2584
5663
1395
3710
1625
4008
4162
2028
3639
3971
5081
657
854
1504
5969
4021
1329
2860
5811
5871
4475
2503
3873
5633
3361
5307
2543
3513
2388
41
1832
5783
2180
3122
1609
2647
1047
1960
2866
3095
4310
3785
1518
1542
3909
5057
1479
737
4986
3383
5372
1160
5559
5780
5859
2921
1085
5189
5555
2025
2307
1448
3749
1141
3286
4629
2197
2739
2653
5944
3365
1860
3183
3924
4826
1242
4503
1012
3984
797
1119
2087
5022
2319
3733
1505
1496
1756
2344
2988
1290
5652
2838
3413
1753
5249
1424
2596
3575
2229
1619
1857
2278
3906
1640
925
4300
5750
2199
615
1015
2486
3664
563
55
1475
946
519
1488
958
1954
4182
2203
102
1215
757
4540
3576
5420
232
619
5979
4146
1707
4460
3596
1054
5354
1853
3952
2191
3914
5182
1927
2782
2291
4865
5727
2094
5050
5690
5027
3264
4221
5778
3515
2528
941
1971
2323
3731
2901
2300
3564
3326
5968
3291
2234
5828
4476
1721
2369
2225
738
1735
511
4946
5625
5494
213
4113
5483
5340
4000
2914
3
2013
2841
5685
4885
4738
3705
2149
2418
4707
2360
2557
5702
2888
794
2070
5880
4290
4140
1142
1347
3696
745
5136
1008
3718
1639
2549
5973
3697
2667
2615
4040
5030
1676
4744
3603
3593
2259
5296
168
1094
1899
5226
4181
1181
2671
5399
4396
257
5134
4606
3336
1104
72
4575
4244
460
301
5660
5110
2909
406
1986
1696
5832
5463
1151
2999
5277
5049
419
1746
851
2829
2167
4272
682
3030
3792
5193
1287
376
2802
883
5044
731
4342
2002
3889
4455
2206
5150
2034
3905
13
3797
5786
5208
4130
2935
1021
3855
1343
3179
3445
3149
3795
1551
2357
5362
24
4737
3543
5888
966
2193
1133
4207
846
5294
4210
1253
5599
5404
2051
1355
3442
206
2471
177
4404
3911
5269
2482
1189
4079
2735
597
1278
1026
2063
5505
202
1699
2288
5675
1259
5019
4174
208
3155
1077
860
4806
1826
1916
395
5982
3703
1978
5949
234
4857
1907
2316
1942
1157
300
5032
1656
698
413
3758
5837
3841
5130
5000
1680
5931
4711
3604
1594
4836
2955
2675
920
484
1078
2600
4625
3517
1126
2711
4344
4586
2791
4499
5915
267
4032
3384
5899
5335
2678
3787
5852
5753
1000
227
5462
1672
4333
5165
5638
4231
2097
3529
3805
663
5059
2859
2081
4269
5731
244
1515
5644
5863
4596
2223
4723
2205
2
2855
5999
6
931
1088
4798
993
4788
3617
670
133
541
3210
4337
2306
895
4179
2201
630
2570
2725
2761
111
3330
2131
654
5579
1858
637
3080
5882
5677
2989
607
5308
276
3012
1363
2906
1532
3526
3152
3037
4495
3145
1442
1300
1657
714
4690
1036
3901
3594
5839
4294
3991
4681
4793
3355
2740
4358
870
4381
4345
565
2444
2029
109
3189
5056
5082
69
1872
3085
1318
1821
3231
4995
784
178
4936
999
998
666
5946
352
5641
5595
5043
1588
1575
39
5782
4281
5576
1034
405
1443
554
5964
2325
5989
5470
5237
5734
3624
3609
3590
5303
801
2352
5135
4423
1080
115
5241
4842
2380
1201
4973
4477
1092
3570
3033
709
1811
5387
3988
261
3910
1519
4906
312
3043
2470
4506
2279
2304
2651
512
5986
4185
4556
5393
5147
762
2261
3380
1193
600
3305
4830
4228
1924
2196
1137
209
5109
56
3958
5936
3449
2005
521
1716
3316
1501
62
3638
3151
5117
2098
1129
2425
4633
4520
3723
160
5854
3258
5421
1671
5994
5366
4279
121
303
4399
217
85
2688
2245
5895
4474
5212
5221
4853
5389
2281
274
4610
3744
3090
397
3854
2607
3921
4266
2250
4677
808
5631
5619
3022
515
533
3592
1234
2390
4043
2493
3265
3299
5220
3926
54
3436
5910
3143
4464
2633
4160
212
240
4064
5594
3569
3169
2383
697
3342
2405
5436
2483
2485
3504
1238
3740
2104
3148
1127
574
1247
4819
4390
1786
611
145
4485
4930
1418
5301
3098
712
5375
2949
1702
2168
4537
1874
1838
3936
5379
4467
942
1480
3567
4411
5407
3704
4569
4433
2056
1427
1384
4327
2010
4940
807
5514
468
4077
2608
3114
1806
5126
3007
3230
5692
3105
2903
370
2905
4708
4592
2477
2943
3735
3482
322
2474
4105
507
2315
4555
1286
5310
1740
4148
4481
5116
4299
2077
4280
3193
4979
2014
5390
1486
991
3613
5432
345
867
4531
125
3679
3753
5785
2217
1800
3082
2812
3423
3519
3672
4049
2392
691
3536
3421
3875
93
1886
4772
1492
4161
893
4614
1264
1892
1271
2280
1988
4794
2985
433
4489
2434
97
246
4734
3164
2937
3798
3282
3606
5066
293
5645
3003
514
5850
1408
9
1331
2704
4871
3097
5408
192
362
821
1510
4351
2970
1281
1096
5359
4771
5282
5304
1409
3075
3402
3429
1338
3451
5074
1454
89
5419
5099
1557
4918
118
421
2603
3587
2260
3812
664
1455
715
2510
2321
1761
5620
1919
2119
2811
1967
108
755
2387
3403
2113
2506
5060
3409
4533
1968
2088
2218
224
4577
5411
3634
3908
1762
3290
4163
1607
1556
1330
2043
2983
2147
1851
5008
2532
5672
3986
2424
2849
1097
1527
1565
3010
5125
2792
4898
1197
1692
114
5263
1567
1261
2024
5225
3072
5183
2835
3126
5330
1549
3767
3852
5568
1943
4427
1425
1046
4648
4127
198
396
496
1782
5260
5356
4901
5219
78
1470
770
1817
422
5288
4960
3116
253
5626
3141
4121
3725
5243
4439
65
1333
2894
2996
4602
3200
1341
1018
4145
3288
1103
3303
2778
2896
5156
2589
2237
404
3041
4694
2450
2329
3463
1082
2525
849
4535
3227
3087
5981
1130
4199
4320
2349
825
1196
1430
2473
5918
4016
5709
1327
4652
2164
2873
123
3499
2071
5941
3992
430
556
5671
4958
5004
5493
4189
4318
2130
4714
5311
2867
4152
1862
1101
1071
3759
4380
4770
4880
1192
772
5172
3217
1230
1048
4301
4524
5739
1172
5317
4098
1970
5320
3165
176
2617
1319
2431
4847
3209
2663
4974
4006
1908
3462
1420
1467
5879
120
4649
5106
3138
2698
5206
417
3298
4469
1460
3431
106
2714
4115
1687
3435
1966
843
4158
2000
313
5582
51
3835
2037
4576
4241
4754
2275
2069
753
1673
466
2649
3780
1226
5993
4736
3489
5449
4660
2374
2807
818
2065
1313
2648
1362
2358
903
789
5281
3055
721
4405
4271
3218
2246
5937
5025
701
5048
2497
130
3751
5838
2718
2377
2481
35
1955
4190
4684
943
2562
1503
2072
2588
3530
2334
5534
5338
5789
4418
1900
5142
589
1714
3790
2665
1618
1994
75
1039
1309
4039
305
280
2019
5468
1117
524
3417
3755
1339
4855
5267
2177
2552
79
2967
891
864
358
719
4419
5246
2798
2169
4903
3405
4201
2846
2138
4227
5187
5804
1920
3686
3018
1959
1490
5639
1315
5347
5962
4080
4893
5924
4998
975
910
1273
4123
3891
5766
4709
1121
5517
2501
149
4420
3054
3654
4500
3663
349
1364
1784
5601
586
1431
324
4598
771
1793
5732
1818
2033
1301
5662
5170
5530
4236
4521
1118
1726
2533
3078
1294
401
1106
3273
4336
2453
5694
2059
5793
4932
5179
4468
3611
3840
2759
138
5161
2542
3565
1837
442
4068
1555
4112
1982
2796
17
4526
5278
3346
4293
4490
4797
4769
1473
1734
5473
144
639
894
4002
3220
5763
5357
4501
575
3367
4565
3202
3310
4165
2752
4319
2297
3894
5068
2439
989
2337
2412
2015
796
5382
3838
472
3943
1703
2318
3475
228
469
5643
2874
4005
134
191
4009
4902
2523
3671
1525
3132
318
1472
1550
4550
2160
4239
5026
934
1421
4363
4374
200
3308
875
5169
3927
1204
924
3832
2742
1685
214
5819
1541
2240
5321
137
660
551
3481
5814
3208
2964
2536
5145
606
5628
1829
644
5040
372
2095
2401
1052
1380
2987
5868
3262
4406
4072
4256
1447
411
3683
1370
3599
735
3433
2685
4725
538
5829
4581
1416
279
2947
2641
4393
5713
5053
353
1237
906
4655
2695
4094
1227
2271
5103
2561
5222
2435
439
3468
1940
1255
1694
3175
5385
1938
4909
5951
1045
2673
3398
4724
1349
1079
1841
1854
4103
5894
4668
64
3471
1560
5747
2303
2952
3129
3192
327
4202
2465
5194
862
5545
3233
5658
4578
5523
900
434
2135
2400
277
1767
3645
355
4169
5736
317
739
2134
438
5398
259
1641
3948
1053
2336
4240
2931
1453
3396
5510
2824
2004
5064
2074
5086
3939
4852
340
4613
3917
441
3893
4355
140
1324
3778
3307
5740
386
2068
2564
1182
2975
2959
4779
1646
3528
5512
5006
1385
171
5164
152
3388
4249
4075
458
4651
1913
4486
4622
5191
1580
1358
4518
1930
5337
2757
2870
5907
2018
3949
5118
2022
871
4200
1701
1030
2222
4012
5659
4572
5550
4947
3844
534
4624
4395
416
5459
2445
3382
3390
733
1025
4601
1973
2426
1888
4415
855
490
3903
1521
4093
2403
2238
840
4138
5614
5533
4031
1574
516
2152
625
2586
201
4669
2354
2052
1513
2930
2538
723
4442
1436
4956
4248
5360
203
1314
4603
4348
754
2062
2159
2395
1790
1936
5728
0
1299
464
1956
183
5425
2347
4680
2928
1949
2555
749
3983
4449
5805
5948
3813
2333
5752
3397
2908
546
5777
2132
3195
5010
2021
269
2420
162
150
4585
101
4480
2831
677
5714
2875
4890
5874
5698
1378
1346
2244
5891
3292
5412
331
4488
5016
493
315
5700
5549
2212
4740
4046
5146
2346
5901
1846
2258
5682
4038
4727
4250
2350
216
1178
2262
5262
1704
2630
1558
650
5009
2880
3296
4965
3004
643
5520
4538
766
1644
3103
4934
775
359
230
4456
3879
786
4364
2944
4939
350
3137
918
1615
1922
905
557
4802
4782
486
3864
5334
3817
1332
5648
2815
5322
5435
4574
3712
1083
3509
2432
5484
3769
4484
5842
5121
1123
3407
2204
5869
5396
3620
4226
1210
4316
4516
2706
3851
5875
2978
432
5314
4394
981
2631
610
4410
5706
2312
1939
163
4661
5995
3956
4635
3545
1755
990
5551
135
1772
2657
2636
2986
4062
5295
3379
5452
2413
2590
4557
2687
1856
3637
4972
842
4866
5646
5159
1632
2797
2415
1240
1719
235
5244
5199
5593
5476
2228
5798
1233
504
4284
2770
2429
5906
4323
2427
5488
3985
2452
4950
5403
1957
1450
47
5306
4011
1245
744
4023
3789
5482
4479
61
3120
4941
3784
2764
284
2522
1502
1946
1132
2820
4703
3318
2907
5695
4907
3660
4110
4361
2560
1534
3648
5384
4854
3389
4917
388
3614
645
3558
67
2927
2458
1487
3324
3968
4971
3722
4136
1055
3092
5820
1235
3821
2448
10
2385
3362
2060
4076
544
4672
1895
2146
4099
4328
4873
3669
3588
5715
143
3269
4155
3159
1592
1572
5487
1802
3250
4454
1406
1131
2120
5013
5984
2686
2781
4689
741
2176
207
5062
5630
2890
4542
1623
1917
699
73
899
582
5029
3701
5119
4010
5833
1145
3547
1830
66
5801
1033
578
3051
5370
4383
105
3549
2184
2803
1665
1206
1353
4559
5443
648
3573
4081
190
3304
1537
1807
3503
1849
481
16
5664
4402
2534
1539
3655
5047
2208
3556
4845
5475
4552
2080
1002
4983
3815
847
3814
5128
4568
3268
3127
2845
3827