8117
9318
6111
8476
14681
7
10638
14324
3346
12539
42
9597
6798
2134
14502
3582
4882
1809
8837
560
5026
3484
8162
9272
10828
13886
6205
3577
13837
235
2122
11108
5877
2026
8112
9101
447
3058
4995
1902
628
6207
14879
3144
5965
13313
14028
9381
13144
2842
4285
14280
2894
14682
3985
6989
7206
7222
7529
14218
113
2854
8226
13741
10381
5868
4393
6573
11673
14313
14619
2563
10246
10474
4934
6990
5436
7257
921
476
3027
11735
442
5041
11313
1248
12910
8531
3766
12886
1459
7418
8286
2329
1798
11975
8747
13222
10849
1712
2205
13031
292
2487
3403
13848
11421
836
11328
4885
91
1302
13024
1178
2273
13052
3882
1147
11134
4672
11598
12765
5391
10853
11279
14257
9846
4744
2421
5582
8736
6036
14139
74
4271
6814
13893
5677
2191
11913
5478
3266
10845
2419
7778
12948
11658
4145
4867
14836
13045
4620
9803
5863
12897
13182
343
10394
12607
6102
8031
10515
8648
9203
12838
1417
7150
3049
12698
3170
7590
2630
2132
5367
360
5894
7548
11404
9233
4252
7532
13221
11418
9243
12420
8206
12923
13819
4144
7903
1777
7929
999
7773
941
4901
13559
2500
6344
9211
12976
2829
11381
2102
8494
6658
8261
3442
1312
6705
4883
12493
8592
9817
2891
5735
5474
2388
11897
3647
12381
4549
3832
7056
9864
8759
4163
6375
11479
11454
2307
4424
3236
367
13414
13049
9313
11898
11449
14561
4875
11797
2405
7716
4004
9955
6456
13302
12101
109
6192
6100
8984
13940
10758
3225
14725
11234
3472
5243
7715
10349
14638
4014
13347
2356
2947
127
4011
14011
11916
4064
8799
13988
2015
5287
6684
7511
11054
7701
12856
2071
9848
1528
10293
10867
8766
11268
4274
7116
5982
1521
7541
13710
6323
7791
6157
5261
9343
14448
6145
9930
11379
1479
10185
10118
11576
8380
2965
5360
13769
10280
7544
5856
14006
10898
1693
9709
1236
5669
4524
12108
69
2061
10996
11373
5423
11484
14085
4169
9922
2290
8231
8483
10108
13738
6787
9291
9456
13102
570
13554
13967
8119
3430
13874
4055
13281
4820
11126
4340
9047
8687
5177
3127
11107
2278
5879
2637
11071
7913
5892
9169
6103
12488
10237
5456
4915
11419
7613
7784
66
370
5734
5567
6667
6125
1138
5633
13367
13201
8064
14654
7090
8742
9933
10177
7279
87
3210
12634
4671
7866
7201
1203
13003
8688
9946
2218
13214
11077
2773
11614
11209
12163
4415
6662
8597
12468
6327
7889
2551
10482
10100
13331
9936
5632
14441
1687
11167
6910
14567
6012
9775
265
5748
5992
4472
10890
9135
13546
99
9369
5579
11651
14378
14966
743
14722
13572
12674
11566
1242
3727
11206
5184
7739
10342
1512
14362
4439
12701
8456
665
9356
7599
2166
13934
12490
12774
11616
7557
4581
3814
13672
9043
1979
2428
5228
8020
7135
8677
11807
4476
10786
13343
14709
2437
9200
8322
11300
9963
4728
3913
13269
12800
13096
13978
6735
13054
166
10934
7071
5127
12585
1428
4490
1099
5405
12329
12673
4418
2636
4723
11654
10370
4801
10299
9535
12170
14254
10031
9366
14660
8054
2378
4300
14785
2310
9279
10691
4963
2430
13019
7364
8425
8963
5272
4804
12036
13069
4023
13652
13413
14065
626
11309
11562
13093
1334
11903
3963
8594
12860
6896
10419
11332
13693
12413
4361
3110
12821
5950
13872
5912
9389
8908
6374
4298
7062
6306
910
10739
2779
12086
3196
13616
13734
1342
6201
9823
3423
5365
14649
377
5110
13395
6844
13194
9111
10230
6523
6233
12641
5489
13952
205
3132
1381
6762
14233
7732
5680
6062
11781
12874
10847
7094
10775
2583
4076
8786
12967
956
14157
2975
4570
7394
5958
9873
9842
7588
9451
11101
10078
12260
9710
687
2363
2807
7114
5542
851
1404
9754
14238
14978
6586
10881
11239
384
14410
7865
4501
4318
14356
12191
5885
49
6917
9267
3601
10694
13235
3795
8217
3874
2382
559
601
5155
7843
14268
13164
7363
13198
9974
1903
13696
11365
11589
12117
5890
6034
11147
179
6982
1365
3182
14129
8485
3609
1631
11065
8071
10033
14613
11699
10399
12298
10709
2058
3055
12746
737
4152
7171
3774
6768
3171
5973
12930
11191
11095
7084
12171
2539
14173
10568
7950
14270
8341
3001
5944
12742
12401
11565
2312
4780
8154
13292
7442
13762
1202
2771
13592
9412
9132
4765
14521
13956
14796
2669
5013
1700
10982
14181
8768
7409
3032
14674
3240
11298
13438
8976
10009
4691
291
2148
5009
10464
12896
2596
2374
3663
3154
9186
13186
8811
6238
2798
9984
11982
9116
10079
3185
11811
5113
12103
6315
6403
8501
3654
8511
1012
1756
11827
3215
3780
6507
12007
3250
5565
1047
14112
13370
12598
11558
13457
2013
6987
783
6732
4605
8085
14784
2418
6994
12008
8113
1306
6204
12064
12350
6880
3135
8793
3029
8370
8386
778
14078
2383
11362
6406
690
14974
2686
12600
6478
14183
4037
2855
13203
5564
3370
5067
8730
8272
10416
732
14662
8496
7328
12644
10536
7237
7010
11659
12791
13323
4097
2934
7057
14140
12931
7181
1379
5573
11953
11522
13388
14937
12143
6737
5054
10463
347
111
804
5413
9306
14848
14156
6093
3478
6021
13107
11346
13591
13933
5119
7088
7247
2820
3287
13679
12562
1878
3195
8537
5338
649
12596
8337
14199
11627
5402
12250
4188
7775
3407
9798
4337
7137
6713
6214
13597
6521
14204
7377
6321
7706
11294
1857
9722
8260
9703
4452
11788
11636
13729
4588
12201
1551
1080
12980
936
7391
569
954
4338
4196
10577
8720
12254
3490
2179
7004
8626
14696
9688
666
14105
10663
13428
2524
5571
14656
13629
4922
7765
3203
9312
2781
12383
4247
12918
8289
525
10410
1488
13129
7250
4903
1287
11768
10550
10734
1711
2718
2538
3381
1583
13011
9601
3231
3338
2860
11492
13850
6251
10667
8189
8133
4945
4933
8999
5496
8367
7253
3674
12065
7413
14877
13610
2099
12732
9719
11355
7197
13579
9644
8023
6435
8331
2119
11630
12681
6793
4181
12496
1701
14335
4928
9372
6428
13990
8084
11130
4157
2118
4387
2007
191
4880
7176
3705
11854
3789
10267
11431
14755
2445
14851
1618
11848
3573
7826
2939
10740
6449
5523
7081
13451
10092
7654
12272
5753
266
5022
13860
4065
9025
4809
8030
2677
9379
12443
8773
2186
10128
674
1752
14759
529
14557
10950
11732
14844
12040
11944
3000
12521
335
432
5990
13075
8611
9851
1455
10750
620
5717
7893
5078
4186
11249
7895
11745
10640
4429
12743
4637
2163
13770
14599
10598
3940
14210
13351
1036
5848
6336
5509
9759
8579
7478
11069
11814
14097
5873
5208
4024
13076
9994
6959
1258
6933
14025
11403
5811
8202
12986
1007
13831
9573
3091
8643
14035
12218
2051
4045
13373
6254
8834
14921
3373
8194
11451
376
10723
12834
14992
4335
3973
8060
6491
7175
9905
8366
4525
6617
13383
1162
13618
1057
7396
609
1539
5853
3265
13493
4417
12797
5934
6801
1553
14425
5880
3319
8069
8915
5737
12294
13937
4074
3781
5352
11154
1518
1956
2906
13212
10091
2938
5319
9663
9796
2541
14231
7554
5
7036
6642
10562
13012
11197
9871
790
9632
13660
13857
13718
12370
14189
3418
8540
6129
13530
2759
1199
11575
6661
3800
10995
8248
1362
8236
6131
1938
12166
11947
13134
2151
3538
1552
6002
10523
7245
3726
10484
10658
6292
4504
13447
9859
1678
2561
10390
12779
6920
9633
10661
1245
3746
1214
5290
2417
4645
5995
736
8400
10796
8198
126
12114
8072
2294
14888
2969
2507
2069
11317
14352
3263
8359
12977
10413
12529
6282
8492
12686
6182
4345
7671
14710
10866
9995
1808
13518
9645
9019
14865
3138
10241
14423
5012
965
6675
2395
1380
7986
11784
12219
1928
2297
7063
11102
7603
12945
11120
5835
7520
6688
9698
6260
7292
284
187
4156
11030
14088
8222
12322
8725
12296
8728
5136
5395
12872
5467
9544
1605
14010
7414
2193
9533
3283
14548
14770
9187
4299
30
13184
13077
12246
12892
9607
14647
13156
8751
10806
14395
7592
11099
3626
10034
10142
11410
886
3918
9059
13172
10093
2247
2352
7625
11631
9429
6287
7839
8891
7141
3400
11456
11680
2844
5294
13339
11923
731
293
6934
14404
8841
8782
10198
5200
7729
2901
7500
5466
14228
7454
9592
10064
14553
14380
13960
1177
11246
2288
2642
9001
10004
2109
12461
5262
6914
13918
6785
4479
10338
14926
10247
1002
12535
7749
13272
427
12353
8676
5980
12503
9676
1323
14534
8196
14286
10424
1263
4301
3777
8433
8928
10296
5000
8528
3167
8115
6124
4609
7332
14698
2268
11729
14135
4497
211
9362
7109
5088
11494
10813
10794
5940
11343
14405
582
5525
6871
5620
5176
2515
11958
6488
4807
9636
9498
8944
8506
8987
2599
313
13181
2957
7087
13411
9559
13297
5378
4325
14506
6153
10516
2675
11675
13965
9981
5457
7325
7891
4344
14177
11671
8089
10493
6443
8569
3566
9988
11190
7376
8252
7449
4686
14665
12822
3865
8395
4836
14716
5666
7011
9992
1914
4219
2240
4168
4994
13834
14459
6867
9880
8063
2068
12522
11886
14359
9237
3792
13080
2261
13482
3038
8701
9843
13909
269
12898
11262
7933
3120
32
4874
7877
8835
7034
11464
3335
4947
9685
328
13111
12975
21
3098
8232
4035
1016
2960
5140
6392
4328
12020
4395
2508
5164
1548
4474
67
12990
8463
12577
12546
9212
4574
6077
4368
11364
12864
3054
7460
7631
8654
6503
333
9030
12531
10102
8855
3040
8658
9036
13499
39
3740
3437
7961
4980
4552
2997
11584
9634
8259
13190
1617
4351
3984
151
12830
1443
7896
11955
3884
5739
13365
13766
5752
12635
2334
3244
8410
10513
11017
10204
3343
8156
14438
1709
11093
3543
9751
1586
8727
8772
13668
1992
1811
12205
14016
8965
225
2169
11709
6291
62
2889
12315
1247
7859
10909
2935
6454
174
12365
6751
2948
14779
29
4607
7067
13977
7054
10018
3070
14968
10733
6908
1977
12288
8607
10182
12890
6518
11367
10223
14934
6314
2138
2514
13497
4119
14321
4436
10309
1414
10521
6977
6596
3863
14013
10983
5777
10924
7573
5654
13119
146
12900
13346
4131
9261
13258
5596
6419
13700
1412
13121
3772
4712
4708
13245
10385
10690
11204
10098
9436
6569
358
12810
4155
1525
13418
9470
12388
12592
5988
10130
10726
8047
10903
3837
10339
8122
2628
7262
8917
11013
14967
12454
11380
4029
8215
13176
7595
9521
13861
8409
11244
11610
4272
185
5285
4160
11966
5494
11124
11308
12738
5248
3435
12633
9405
5768
917
2552
7747
12100
11724
13800
5264
504
13607
1229
14570
913
5881
7675
5510
2020
7278
3508
10712
1076
9298
13839
13841
6317
13122
7132
9725
831
1360
8954
12599
14782
14400
13702
3547
6373
6206
14215
3465
11974
3183
9327
5152
2867
6522
2187
322
8121
1294
12032
13402
13165
4511
12962
12517
13867
2870
5125
9529
12277
724
13332
1664
13895
4463
10473
4781
2377
11517
2016
6558
3347
6158
14504
6063
10150
314
14582
472
10452
14818
8933
14629
8683
7993
1540
11615
11083
8927
5985
11829
13091
1192
4865
7027
4239
7434
11398
1075
8045
8796
9213
5394
957
6752
2133
12491
1996
6980
13524
13936
256
4930
8171
10953
5306
13699
11033
928
1764
1826
14801
8650
9028
13644
9283
2449
11303
3479
11180
13722
10032
9528
8850
12348
3385
854
14853
1218
4246
9252
2882
14190
11376
6824
4654
3826
5772
10544
4125
10522
13986
6475
13726
12547
5190
10857
4306
4051
2509
14639
12332
4532
7452
4543
7129
3927
3501
4937
7319
5134
11481
9793
14856
2768
1037
1649
14727
9966
7609
7643
1193
10714
8941
48
341
7438
12097
5331
5964
13939
9309
9583
992
2035
13577
10761
9694
7256
9523
10252
13673
3317
10414
11543
7111
11470
12885
9473
11806
7952
6156
11092
5100
1904
4657
13717
12532
13574
10612
12042
9729
1453
4312
1998
13424
10808
10245
3411
14319
8451
10048
12004
1249
1393
4946
9486
6639
14155
11106
7524
1713
10981
11370
197
2985
808
4940
9499
24
12528
7862
7334
7397
11447
411
4396
7905
1576
1880
11546
8780
3765
14945
9964
6815
3022
8985
2723
1278
861
9170
5353
11850
11085
3588
14658
1009
6538
12139
11809
12083
6187
8886
9131
10880
13205
5795
12889
6330
6029
2993
4202
14830
1462
1782
12109
10933
11842
259
11252
7751
10669
7344
13334
4721
13584
9972
2576
7153
4204
771
474
10586
9720
12023
2391
3625
13394
7858
1526
7867
434
5139
8919
4791
4768
13502
14555
8698
8278
13866
14414
9027
14705
1291
5915
14664
5233
1744
2776
8998
13905
13767
7727
11971
11798
616
11237
4942
703
14289
5276
873
4198
11712
12622
461
2282
6298
13020
14726
6372
10790
10116
1084
13555
9120
8712
7972
3620
3495
4419
11176
4750
8682
5683
1328
6476
803
12721
11058
14426
8781
8846
5562
9904
14473
10461
6052
11582
777
9441
4250
1746
4664
1621
4689
11503
1955
3717
6408
11198
14247
7764
10067
4929
4183
9768
14008
10776
7425
3704
5096
3267
13957
7900
8539
11970
1460
2360
13325
10428
236
14518
14519
231
3238
10190
7534
7330
2879
6939
11728
14539
6721
14343
10485
438
10179
9058
6463
10352
8686
6937
3059
13599
6729
7008
2715
13403
10819
11384
12722
12792
6250
3222
5462
14859
6423
5071
14226
7697
10000
14083
2379
7155
11229
4733
4019
1151
10017
9360
10346
4788
5437
4970
8150
12619
1375
12912
2727
13620
4158
9786
12728
14133
14344
1717
8637
12088
11139
3808
13968
4993
5898
7061
4407
2625
1062
4467
2828
10525
8753
11721
8142
210
597
13658
4927
3177
4245
10935
1692
8920
8199
12441
10456
4821
10582
2812
3424
585
11525
5146
8328
9382
10784
14277
14960
14246
6626
9428
4138
8945
5507
5907
9440
10891
11865
6722
3629
10545
12183
6312
12921
8419
9735
6528
9076
10351
787
4628
1434
2650
8343
13337
6492
162
13538
4860
9950
8690
6873
478
1301
1456
139
276
9307
12951
12048
5503
6666
7816
7648
10722
7356
2689
673
10291
4604
9832
10269
14266
9285
12653
7160
3341
6968
2964
3750
13173
272
7005
12238
6947
10941
9758
8013
10519
7437
2142
13845
10731
6470
5649
7115
2164
6510
967
10803
56
13432
6557
1296
9835
11443
11514
7619
7944
4925
2697
4983
8135
8118
3554
9060
6888
518
8992
8615
13009
4904
13973
6366
11577
13412
14092
6195
3571
659
13274
14869
2986
13089
6757
306
10932
6810
12029
10979
2101
3226
5328
133
5454
9224
198
11125
2201
3580
1899
7509
10925
8041
14358
2846
8285
8740
8211
8860
12417
64
8867
10702
6020
7829
10086
13532
14524
7267
4149
12090
11868
4517
5742
334
13422
13204
14225
10469
1441
12735
7946
13838
1557
6964
7303
4236
12157
4668
1141
7242
2249
8880
11022
11875
1447
40
2942
6544
7230
8375
11535
9401
6436
1688
4365
11824
7637
8186
5348
11302
435
9026
14940
14626
11838
12680
7597
5366
10082
5488
4985
11339
13798
1305
1289
11127
9532
13374
14007
7482
5928
11146
9426
12847
2831
9543
11194
10671
4626
12881
1545
12132
7953
10056
9660
7704
11450
10489
14688
1534
2823
5560
13780
10637
13056
4563
7270
12853
12999
14433
1482
2121
828
11025
1953
4194
4960
6429
2254
14661
2659
5214
14267
2049
14532
8672
12116
5033
6239
6820
10070
13876
12642
2170
3815
12620
4492
1204
2673
394
4487
14094
5163
13500
12168
12668
414
470
10487
13712
11770
12106
5653
9460
2629
1118
3931
1906
5373
8051
10680
10192
13536
6135
3539
8227
493
5818
4431
9649
10111
1529
2577
903
7561
14677
9923
7159
11915
11602
2702
12284
3987
15
3974
8224
6231
7528
7093
1573
14224
12963
11471
9643
1283
1357
6325
3083
10219
12515
10818
5941
14106
14745
9394
11021
10105
12193
420
7568
6813
5948
1333
889
1787
6758
9673
101
10355
13945
2565
7231
6612
13856
10554
7365
5006
8083
5933
4033
5032
8229
14370
3711
3045
3230
4384
8058
12817
14469
9540
7299
6390
5131
8586
14536
14067
9075
8715
13484
12855
8111
7624
14543
12672
10459
10175
7847
5255
8991
2978
13655
4036
8108
3821
6107
2584
8003
7170
4279
14040
9053
14505
12662
4644
3164
12561
2238
431
13757
1454
6677
2479
3778
9065
2082
13870
6241
13301
5122
227
14399
9242
10614
8288
4263
6923
12123
13170
9614
3139
13744
13983
1769
13681
10505
6457
4651
2427
8243
13224
13027
4616
5630
4042
14719
2436
14767
5891
7124
3213
4026
1113
6583
6159
8066
13252
14182
4950
10801
3824
3145
10231
1135
5813
7591
14598
11773
3879
14349
3689
9175
11624
6769
9465
13715
2283
694
11873
11861
1945
8583
1503
2543
5406
5446
3285
7567
4066
11808
13363
273
9253
3525
10592
3419
2646
6955
11338
9300
6164
5325
5298
5597
3763
3229
1133
4121
10374
14033
1665
2720
14983
11019
12513
1789
12610
7962
10440
5049
6893
6109
2994
14609
4292
10406
8661
13002
3883
11701
7923
10636
10887
2592
10692
9546
10921
10914
6087
1160
11844
1126
14027
6113
9112
3549
14793
353
3294
1070
10679
13771
14354
8407
1196
9564
13824
4811
4542
12706
13501
83
14566
799
12949
511
14005
7479
2225
603
9418
6293
11260
2289
6150
8103
3690
13924
107
14907
7871
632
10052
4536
10210
5343
5989
5697
6132
7052
11078
4650
10080
7634
8699
13720
7639
14043
11228
5210
5929
2161
10879
14415
8779
3136
906
7491
3783
1005
10272
12692
8075
2242
7441
12877
9941
9973
1797
14996
9576
3567
451
2928
3633
14970
4333
8821
14195
5918
7473
8082
285
3852
738
524
1073
262
6089
2849
4291
7802
2967
7045
5060
3077
9102
12063
1194
579
532
13461
9863
12066
8565
1325
1962
14179
5295
6430
4633
13948
5765
11469
4425
9137
8929
4034
2976
1498
1845
8574
8983
11213
8468
5547
12551
10158
14544
13327
2783
2298
11100
8254
2279
4918
9641
7097
9491
11157
14786
7144
9410
12404
4084
5686
3930
14838
3158
13179
4086
404
3375
494
1048
14041
4862
3016
2316
14805
6779
12078
796
8719
8139
2002
46
2651
1883
9965
3843
13490
10725
12569
5223
10985
9468
5074
9454
8843
1023
11722
10780
6556
6399
8100
13350
10458
1254
7577
14820
9686
1102
1256
10380
5277
7690
3445
9598
9301
2851
9332
13746
471
11489
2124
8932
1685
6269
9286
14458
13289
14481
221
5615
8445
12807
1276
6171
10426
6288
5532
3754
1910
4621
13126
1350
8207
6957
11531
7543
5953
13455
4347
6616
7018
11567
13627
9339
9363
11703
4707
5220
12643
2127
1197
14651
8416
2777
4227
10913
309
1169
9397
6401
12427
14376
6836
6535
1090
13088
592
14707
3565
12389
14340
10438
7131
12733
8814
10655
11243
12588
10760
8076
378
11645
1251
6441
10920
13851
3155
7355
105
6926
3598
1405
14952
10088
7506
6286
13013
5526
11487
11905
12333
2709
7179
9658
14621
7819
4919
9857
7754
780
12609
11414
7274
11399
13092
9084
7318
10049
1272
5882
8431
6620
11061
4825
9358
4861
3534
1507
11143
9276
13108
7940
12319
3254
5786
14042
10800
8504
7783
1829
6290
531
14610
12026
12905
7934
7406
10681
12652
9575
14679
12195
11789
3793
8358
11314
14052
9287
6442
7508
1006
759
8038
6013
10143
1933
1207
12649
13984
11813
7522
12840
2239
6072
9008
3825
10457
8726
9727
2719
7408
8729
8005
11804
6224
13238
13226
4643
4595
4905
8830
11626
2751
1179
8576
13255
1874
3034
10030
78
4444
11172
11435
11719
3820
10573
7216
11697
9020
914
1842
14059
4741
3015
9642
3909
11485
12111
14437
12351
3661
8691
10427
5966
13464
2426
3804
5162
2411
3589
9378
2402
9852
1572
3074
5947
10400
11710
4635
13604
8651
6802
10303
12799
196
6602
5132
1299
7943
14997
9128
8247
9702
10990
6311
11544
3264
13233
3961
4762
12753
9771
11746
7642
12693
11094
5530
6161
14170
13528
4767
2211
4571
2698
5453
7317
2559
1451
10929
14137
7563
12234
3623
7768
11715
10938
13271
8435
1912
9374
7300
14605
8966
3420
14217
13429
7360
1493
6795
9259
13047
1585
5893
11136
9968
1915
7728
14965
5275
2737
13950
11012
9123
4853
14509
1458
6045
7046
9627
13035
283
2772
8004
6200
11329
11752
1109
5409
7767
6834
12121
8402
9421
5095
6061
2863
11799
7798
250
717
1848
2174
6381
9457
6350
11182
13476
11466
6220
9630
590
9551
10878
5802
4647
9620
5142
6144
8488
2028
5305
10507
10736
13299
1860
9481
11368
4519
2721
1205
526
13246
5282
6770
9095
14304
5314
2443
12127
13505
1775
5235
10892
13832
8253
11889
9045
4489
9743
3817
13456
9891
10295
9408
8315
1869
3130
10114
10848
13558
3162
2064
978
1833
6186
14180
11050
3857
5111
1640
7711
4824
2066
1087
2359
1180
7947
8994
4320
14145
10160
7655
6803
3836
3509
12258
6264
7444
10007
7616
12152
14413
4038
5105
6774
5836
660
2979
8693
9502
7258
5440
7186
12174
2746
1597
12987
13251
5758
6368
238
6278
13739
10668
5147
11272
1871
5932
9948
7734
3928
37
2362
8874
1478
13534
96
8776
9623
6701
10822
6208
870
7621
10984
6605
11105
12773
10239
7707
5471
13405
10434
11754
14939
1336
4808
12903
9399
12396
4891
1187
9341
11359
7148
11901
1293
9631
4545
6809
9868
3970
3604
2055
4675
10811
13911
566
12375
10885
7863
508
5797
3092
6560
4551
775
11536
12627
5741
10199
1137
14127
9002
5052
10133
3432
7281
4450
88
1464
6370
4059
1577
13345
11441
6137
12776
8050
3204
586
1190
13954
9400
4776
1176
2029
12612
12723
6479
986
14607
3365
11664
4615
4815
4380
12112
13228
2206
7525
1004
3121
9278
11810
8625
10119
10059
28
14713
13498
9215
6637
2734
13495
7841
7681
13356
1332
4829
13786
13392
7040
8009
4533
9839
123
6385
8525
3463
2291
8185
8275
12985
2567
13063
2152
118
13755
10023
9225
9118
2753
8310
9361
12884
7079
12614
5908
14408
5604
11964
7424
13565
11289
14899
2936
11396
4434
10062
13142
1267
11401
14542
6783
10743
14783
3681
200
1913
7725
7926
4786
13381
6890
279
9161
3903
11406
13021
6546
12603
163
8481
8296
10202
10888
3587
13124
4531
4141
10623
3062
13050
9618
9162
14044
14447
9228
4107
8294
9324
1721
14741
14051
1264
7314
11073
4560
5144
602
9547
3470
11757
1806
2139
5961
10039
6744
10737
14631
13150
3797
12336
1596
10643
10206
12466
2264
4135
1216
11059
1230
8975
5646
1681
8778
7461
6057
6665
10751
5589
6846
9917
5744
1153
3193
10495
3275
1139
3014
1100
12465
3536
8875
9534
6318
7632
9094
4719
7735
10766
9566
1217
9151
4394
7771
10095
10136
4071
5738
1418
8462
5713
14449
4873
5975
10500
9444
14956
4755
9265
1049
7431
13621
5551
11902
4147
72
2878
658
11121
11590
10389
5875
14102
544
5954
11056
10684
6247
1410
10371
8887
9022
1427
1273
1879
1729
6849
14401
11960
4175
2317
6179
5418
4483
4778
12675
3392
11870
5693
13631
6281
6526
6202
8267
12978
3888
13195
8602
14407
3527
11995
5361
14743
2309
5678
1446
1632
2266
4805
12164
4526
1986
12342
11835
8318
9662
2441
6738
10922
2557
7091
10569
13468
3658
14227
5930
7329
8849
8348
484
6599
1402
5514
10607
6434
8346
13975
7864
4426
8061
1567
4070
9122
14766
11195
8888
10905
9510
1568
10685
3404
8352
1252
3191
7047
13160
14508
3440
13748
4600
11555
11070
11296
5746
9437
6433
982
14327
13338
10195
3790
4201
3434
10478
2230
9906
5468
8601
12958
8302
9550
693
14488
12165
12862
11945
6464
12695
4558
10454
11679
1270
955
5151
10747
11064
6623
13557
9054
13202
1602
3675
1155
700
1750
5327
3767
9140
2740
14015
3333
1917
5025
7158
5322
5750
935
10809
10967
13467
7200
6678
2333
2497
5951
12679
3409
5426
6071
9881
3172
12558
10897
14236
3439
3180
4591
13017
3921
8240
555
1870
3274
6480
6932
12827
10633
9475
13630
3532
2471
3529
12147
2336
2012
1024
4846
2492
14479
11766
14219
12189
13268
8879
8568
12786
10919
363
9383
13320
5206
9830
10900
13677
6948
3389
10646
1988
12824
5046
12162
1322
8465
13042
11831
994
13735
10397
9949
14925
9193
14951
2116
10326
11115
7459
6085
2900
9762
9987
154
12457
6647
13585
5727
7308
9545
7744
2582
733
5555
9939
7223
14239
8283
8582
1224
3735
13208
3199
7127
11048
13543
14357
12130
3260
8798
14087
2528
12186
3659
11141
10084
8408
1768
12883
9565
13713
7815
14813
7936
6621
10479
5755
13605
5539
8271
13200
11542
8925
5116
4187
2300
12173
3493
12804
14625
3224
10730
8618
4334
656
7902
5536
1191
10446
13486
8819
8973
6819
8844
8077
13750
3920
7880
6534
5300
7811
2461
10783
8923
9766
11372
1882
5051
9416
600
7075
14622
150
6253
1696
2793
10872
11264
7994
4869
8450
2843
8042
3951
1227
10615
4294
8159
12624
7920
7362
5301
1209
4261
5382
1131
2475
7167
12815
3860
10810
3649
552
8263
11705
3298
5659
3546
1142
1589
7203
11639
4184
14714
10610
1980
14896
5112
4761
6775
1894
13431
10976
10251
10159
14754
8892
14537
5779
11297
8460
647
7024
1815
8805
7736
8157
8675
11342
12637
2658
12548
8175
10490
11351
1430
11867
9040
7766
13908
13072
11374
5619
10436
8295
3399
5291
2256
9600
8670
8857
11507
2095
714
11717
3388
8026
9277
9458
11510
4050
7689
8178
10323
844
719
5299
3891
9183
5007
9011
7420
6610
7965
4555
13324
3066
103
10162
2195
14242
4176
12071
5344
4028
12992
13946
14205
11613
183
8168
2372
12241
8391
1014
8037
6324
7774
6424
8636
8523
5225
11551
369
13415
7738
14941
4413
5790
7881
14472
2910
734
3249
2585
2014
1543
8264
13207
13330
4455
10343
3085
11210
13885
14550
8551
13615
1265
8930
10432
9305
3483
1372
11360
8187
977
3680
7283
10492
4932
11174
12207
2114
702
3685
10830
7669
14398
1867
988
2706
4567
4884
7668
13266
12836
12331
8839
6501
5783
1008
12626
10331
13864
7199
7885
407
1371
6310
8716
11926
1770
4527
6431
8520
3631
2869
11716
12768
240
14436
2725
11790
14513
8070
10626
9241
8449
14103
6175
3600
3859
4831
13805
9701
380
14886
8201
2763
1517
2083
13005
4248
8890
14161
7211
7212
11502
8134
2280
1592
51
1757
677
14628
1166
720
2053
9907
953
13619
3467
1725
934
115
857
4770
10971
12361
14104
12311
2440
10622
2105
9934
7552
8109
12583
10377
4491
5313
7041
12434
6859
1653
9184
14366
3114
12382
6304
7852
2754
9347
10213
138
9435
7327
10907
7168
3194
413
10899
7836
13244
9779
6120
12785
3494
12564
3876
12965
14417
14781
11357
14397
2848
10589
8861
3851
3452
8268
6992
9032
13795
14635
7273
4698
13496
13625
1506
6067
14791
10886
5839
4445
4448
14403
908
6425
13078
1609
1677
5692
9595
1637
6693
3466
5641
4364
11382
4972
7380
14061
12489
1241
13576
11214
9522
5731
11476
3992
1513
10423
8937
11737
14977
5733
4041
2146
6527
10653
13178
14821
9962
10178
10641
12831
8990
9648
13844
3823
14850
13678
10074
8832
9757
13436
7361
4981
14038
6427
4216
5945
3953
7162
14070
3520
9615
8002
9430
11430
10187
1736
5998
11857
466
2622
2924
924
10304
6008
6487
8622
2137
12865
2040
169
2830
13279
10404
2287
8797
4422
6975
14416
10275
3671
6229
10548
1112
13888
12697
2478
9133
10608
5020
5984
4213
102
3545
2344
3603
8314
4997
371
1614
7516
10749
14296
1473
10945
2173
10864
871
4428
4751
9453
3926
9730
3106
4022
7651
6108
1905
4866
5237
6196
6346
6508
6300
12664
10131
12587
13563
10742
5603
13849
9524
13454
11151
10166
2
1847
8872
4095
12640
3321
12871
1999
4046
8006
8657
5855
3088
13229
3881
8266
12972
4108
5129
7514
10599
9519
996
9850
8593
14222
6636
866
1935
4579
7400
6800
6799
2722
10947
10827
9352
3839
6388
2208
12392
2593
14601
791
12188
7426
5849
12873
1475
904
1727
12937
6046
5511
8600
12833
9050
14788
4661
3741
1068
6334
12248
14152
7455
3997
9789
10772
10949
568
6718
10931
9350
3784
11758
1045
7312
2131
12759
4812
5323
3312
7446
11018
7282
2009
8453
7821
5502
8921
2482
2235
4975
11256
5661
3743
6080
5708
7661
4817
7927
13784
5420
12402
10238
12450
10980
5296
3310
14341
7182
3084
9625
3278
6285
6927
13051
962
10678
3376
1667
10157
1973
1598
13779
1716
8340
795
8557
10706
206
14717
148
6302
6885
9221
5668
2392
11084
4758
2904
7339
11895
5476
2126
9016
5721
11927
11540
7939
9882
9867
10883
4268
11860
6234
2189
14627
4535
3831
1188
8464
8771
3664
3184
6383
12339
14730
5901
14310
1650
9677
5591
8197
6010
10943
11706
14057
4456
13344
1292
5346
10514
10720
5521
10987
7369
10992
12509
9335
14667
7224
3919
4423
3742
1926
14148
4220
5764
12204
6147
3247
7672
14563
8369
13525
8153
681
1277
12259
11959
1055
13896
11223
2678
9073
3179
8048
802
7311
5036
3605
9831
1330
9270
1759
5899
11876
9717
137
8765
12299
6739
9091
12297
8823
745
10465
2801
4200
6582
918
11871
6054
8758
3380
10288
648
1590
5726
14351
27
4709
4693
4564
10829
7375
12731
9495
933
8067
3643
7649
10221
14789
6004
3898
8813
4451
11733
7078
3327
507
3395
1821
8457
12758
3724
14906
5439
10101
11793
6347
9990
541
11918
5845
12242
3151
2162
4747
14075
3246
11429
4943
68
14337
14892
6402
3607
10181
6595
7662
3807
6916
5485
12538
12131
3147
9411
4991
1676
12736
3163
3870
13273
6983
8230
3915
1952
5993
13674
11943
12814
4976
3847
9338
12142
7316
14720
3560
2784
9761
10368
10302
14950
278
1485
8541
13189
970
7085
10588
9721
11652
5904
6467
9683
9323
5609
7714
9711
10322
8567
12988
3141
7120
8303
12198
637
13359
13590
2914
4569
10732
14901
8406
11678
5743
3834
5640
9385
14364
13708
14953
1891
2324
8706
8538
9896
1234
4688
2366
10707
12265
11934
9800
50
2657
12360
14556
11882
5815
7194
2611
13097
12904
5759
2088
9679
2314
9834
10300
11803
5257
975
14774
4282
6139
410
4806
7128
9687
11632
5091
7635
4854
1096
4730
5447
13175
1699
754
2304
8007
7883
5816
13664
4793
4170
5648
6263
375
4478
3065
6413
3208
8508
10290
4091
3764
3359
2458
11277
8448
4228
10873
7924
7855
13130
930
11609
10994
270
14037
8653
1944
4447
8884
622
3497
11548
10627
1569
10630
8741
14565
825
13974
14232
5425
355
2483
3242
8301
12682
4690
8527
786
14580
11910
2190
2219
2656
13884
6210
9172
11629
5761
11231
10570
4502
12661
1262
12261
1925
5481
7251
8660
8200
7518
2549
9911
6307
6026
2940
3421
10149
1559
1674
9593
12275
4266
5705
11442
14387
1314
4790
7835
14752
6567
5188
5583
12942
2293
10565
4226
12362
14998
12320
14564
2536
2092
13400
2838
3214
5192
7712
7475
57
10930
1491
4917
12752
11967
5805
4215
13263
10674
6999
1733
14568
11135
7065
14291
11347
7679
7656
9284
6906
10066
14612
6001
6006
6848
7346
1823
10029
12543
5931
10460
14828
6638
13106
11612
911
8096
4326
8095
12341
1966
12597
5679
11780
8452
140
981
5266
5524
11977
14318
424
5187
11015
9862
1029
2789
7882
1611
329
11402
2872
1624
4356
14802
5416
11932
6817
14383
13801
10481
13014
13086
13043
3101
1908
8521
6261
7884
9256
9526
9082
3733
13686
11052
9928
12766
5170
6611
789
1074
12175
4462
3443
9074
10926
12974
3487
13131
6625
12901
10353
13531
9588
8123
14558
9448
3330
9821
11692
9034
5599
13589
14071
13406
14827
3457
13913
4710
7049
460
10444
8633
6355
7038
6826
5554
2465
2868
14915
2167
3624
1435
14418
9367
9728
6668
1429
3207
5175
14446
6245
2301
10727
14126
2059
5754
14348
2323
12655
8397
12481
3269
8036
6550
10019
1025
8304
6362
11005
13034
528
6038
1470
4898
12749
13477
2962
608
9207
14620
6090
5698
6608
13935
3356
36
8498
76
12301
12397
13685
1403
1884
9368
359
6410
5363
3498
3855
7611
1895
9639
9227
1501
3354
5627
1438
8862
13989
9795
1930
7560
8666
5238
2705
3576
6221
12244
1916
4164
8446
7183
10271
2574
4513
11386
8659
11312
2159
8939
10798
9110
14368
9680
7035
869
1315
6952
13926
4878
2271
5309
12471
4913
2732
7213
2404
14166
9092
11261
13261
7269
12955
7992
6455
12422
13060
7724
13095
5241
3362
12737
31
3026
8382
10262
161
1751
130
9731
1872
13171
13817
11270
1929
14317
12148
2128
11864
14860
2257
10534
6725
13556
9159
3676
615
8612
3290
14501
3988
14595
8161
5621
11845
4641
13603
3413
11183
3563
10767
11622
1519
260
4548
8734
12155
3614
1282
1335
8034
12313
10631
4964
1146
3360
12929
6870
13193
12936
7666
14138
4430
1369
3895
3415
8480
4986
13544
9829
7629
11941
12458
4833
3069
7814
5354
13101
1630
7550
5574
2037
572
10277
14724
11461
12464
14959
12035
3943
2710
2415
11186
2571
10602
13941
6407
1967
5219
12398
3822
510
10375
8377
61
13806
2568
9505
12409
4110
13489
10616
13523
2484
6174
10061
6555
2761
3568
9975
7435
9500
8329
2030
3441
7012
7076
9878
4379
3665
14596
1892
5138
10972
26
5674
6499
2178
5644
14735
1961
3502
9489
1311
9655
1946
10556
7121
10936
7726
639
4242
3758
14017
8971
7241
12236
9396
10817
1260
6496
8881
4512
1020
338
2716
9778
2724
5368
1071
14583
2852
13611
9230
12349
2973
8535
710
10624
7757
4265
11369
10171
11480
9315
7125
7857
1918
14669
9302
9018
13296
2424
3339
7761
14333
3945
3462
1406
12041
809
1487
12497
8088
8234
10538
13163
2624
8822
12829
12082
13551
3965
4264
4259
6118
4990
7620
517
11287
13535
13922
6630
303
3057
3168
2983
2922
636
12043
6673
13328
2079
10875
8053
4399
3828
11074
888
610
4103
1461
6697
12240
6851
1786
13858
13260
2634
12145
11177
14684
763
13897
7073
11623
3414
7955
7225
6387
12941
6177
7367
1836
8297
9417
7021
1368
14584
7465
14339
6903
1228
9879
10774
3524
12789
14976
14740
9760
14841
5637
14460
3408
11539
3952
7469
860
5059
6949
11397
9359
13646
9442
9083
13776
85
8105
6664
6606
7825
11445
4475
1223
13642
12882
8628
5213
11518
7502
2786
12473
9005
11088
6272
10754
11956
5289
11890
1834
4223
8883
1542
1663
14115
11883
11482
2745
13115
6900
558
248
12645
3700
9216
4088
12480
13623
4916
13763
13916
3309
2342
8678
864
7756
12909
6553
10695
11011
14834
3340
13103
3858
1587
12444
8152
8621
2899
5922
209
3112
9497
1755
3699
4244
346
14311
4093
13443
141
12303
8662
14095
3679
10603
13594
12946
8326
7074
8548
6679
2454
4460
4745
2248
4078
2858
7806
3454
6453
3284
10978
2766
12245
1125
9929
13822
4126
9659
3078
6930
13783
202
13264
885
8807
13601
213
3617
2806
14927
13061
12
2898
10081
7838
4421
11689
14066
10260
3561
12470
516
2794
2327
3630
9329
4676
12167
5809
2120
10099
7077
12460
7566
14136
4926
324
4582
7192
5484
1580
6961
670
3041
7874
9024
3707
9616
12137
9056
8868
11486
880
13419
7878
4515
7910
8829
2875
5044
8282
5549
728
3956
7039
6340
14174
153
203
9749
10127
1702
4376
7310
13219
8327
13335
8378
11500
12991
5065
6894
2655
3273
701
3019
9954
13854
7842
13342
2792
9240
7234
10704
10395
12541
4290
2459
7104
2400
4827
4752
7122
5435
5870
634
14718
8764
11879
3853
9013
14590
12038
4617
7978
9853
9461
3844
1140
3485
12534
12379
3935
1537
10697
5189
318
5321
13552
263
11836
515
3966
12823
8959
5757
11201
5432
3161
9755
14987
10765
974
6728
8697
13637
13293
3100
6863
13039
998
7342
12527
13914
14428
8870
749
11440
3320
9714
13230
7793
10744
11904
9023
9081
12367
952
12037
4280
814
6884
11344
1387
12015
10795
3116
12605
12384
9149
4003
4649
9152
7562
2499
4623
5427
8192
5165
5230
4618
4838
12730
4988
9364
9353
4488
12683
3212
2448
5548
11653
317
8969
7921
4557
13938
387
5527
832
11003
2168
9248
4018
8093
3318
6138
5236
13270
6686
10240
11924
12650
8571
13564
5872
1210
2818
3192
3446
71
3410
10104
9235
251
11989
6997
12267
3257
14373
4842
11324
2987
2072
4896
3037
11991
801
7660
4162
4359
7164
1480
5334
11534
1919
2690
10859
3337
13662
14666
5227
8619
4659
9940
4575
4089
11569
5584
11352
5460
12403
1959
5273
3268
13046
3581
13004
13316
4063
1983
4908
14431
12025
514
7022
6049
9409
4967
3672
2808
2158
6941
9271
10391
8536
7755
11591
7483
7698
4283
12010
12756
178
9191
2633
2512
13059
3471
530
13754
14637
5090
1861
7818
13441
2893
14822
10862
931
2671
7221
3429
10962
8081
10644
13055
12291
12093
5359
1150
3597
11152
5058
4140
12426
12357
13423
12933
12161
8357
2047
4996
14384
6552
13648
12300
9010
12523
8943
7535
11334
11478
2194
7261
13006
10036
1703
14089
12285
14530
13901
7335
2452
4270
9579
13379
4648
1490
6811
13622
4999
124
6566
8219
6991
13835
4787
3261
2575
5803
9913
11235
11248
14241
3174
1148
881
3046
2530
2850
11250
13917
698
11423
14648
5470
6852
10973
11723
2338
2778
10172
9478
10430
4596
320
13606
14265
10683
3166
4900
1666
7930
5926
6714
12552
6778
396
11685
6016
7195
643
8398
4738
9269
6748
4956
11043
11552
14497
549
489
5979
2930
14503
8035
13341
14559
3572
8831
6682
10021
4008
812
1285
4112
9450
12235
1269
11393
9909
13971
2941
1547
11667
3967
1337
8652
11669
5055
1800
2394
11996
4232
2140
9791
6506
8914
14943
13855
7786
14470
8978
1376
8262
5256
991
3102
1820
4597
1954
4666
10583
350
12775
14019
6603
545
4987
10944
3307
11954
2389
4523
14839
14430
2873
13375
9682
1683
7987
8414
11457
1550
5019
3877
13682
14738
1497
8530
2796
2226
3925
9303
13547
1364
13787
190
1420
12076
9304
11585
11437
3306
6216
3206
12708
2001
7102
8910
12187
8444
7326
8242
6715
2048
6524
14457
9380
12289
1316
9780
2108
753
6244
10557
467
6891
6437
2861
662
12058
3496
6203
1354
1108
12574
10968
7343
11863
3719
3332
6958
9810
6938
2572
9044
1394
2375
3827
14588
13286
8700
10110
7013
12079
13071
8405
8709
14216
450
9695
11772
5431
11511
2371
134
6193
4403
5889
2810
8246
2692
9067
1975
13192
7691
2086
9869
9883
6044
9136
1094
1758
11818
486
13161
4782
14575
13064
9334
7415
7214
462
2749
2080
8876
7485
14442
11881
2003
9348
14256
7259
9239
8413
1657
5336
7503
1000
4013
1790
12805
5244
14894
7290
4586
2056
13815
583
2000
5399
11
987
14692
9525
9599
11874
4892
12115
7249
4576
10728
12761
4802
6218
1220
11707
11044
2921
3641
8620
4167
3398
8313
10576
8256
12134
5622
440
13808
2644
5883
3682
3867
10313
8012
3090
2950
14812
14797
3189
6986
4154
5920
4401
3342
10258
9055
4894
8176
10520
1564
13283
3644
12960
6035
4673
10201
10524
10877
6101
2299
3753
12670
7126
6276
4938
2010
4457
59
9993
5443
12192
12767
8104
10319
1508
7228
10497
14171
8078
331
7359
5684
5064
1608
3946
12424
14072
7358
12449
9006
2090
2711
8338
10836
685
3427
7692
6974
12606
8604
2526
9515
6850
8800
12677
12751
12571
4948
13278
12399
12932
6979
6843
8610
8755
14871
14847
11928
12230
11823
2043
7386
12613
14861
9182
6593
10956
9398
8718
10778
4031
9513
11750
10785
5389
2892
12887
14263
14207
5201
7967
7451
12818
1754
1496
2696
9066
7025
8132
6909
4941
11676
715
1175
8195
4899
10120
298
6284
13889
5469
11666
1656
13907
1338
13796
1864
5838
4832
14881
13562
14924
5056
5570
10955
7914
13213
4881
10700
2676
5506
4127
9432
7173
8922
980
10167
4440
12009
10961
3209
13890
12057
5687
927
14862
9552
11330
9493
3436
10335
4137
6570
8911
1876
3005
12638
14685
8172
13321
14884
13090
5830
654
11668
12069
11909
1107
7792
8389
286
7583
14923
9903
14158
12355
3751
13548
12220
2609
6356
547
1355
9038
5505
9980
12878
14572
1042
5104
6734
4464
9606
14657
5218
7686
5445
6215
2620
11605
2381
797
8647
5224
2809
12391
485
5624
8214
14047
1440
3747
14993
10386
6750
3348
8842
229
125
499
1993
6563
4117
14546
2562
9884
8149
3550
5638
274
11578
8319
7730
2237
12340
9262
10333
10409
6056
10278
7489
4764
11170
6777
4288
5628
10443
6283
6724
7322
4224
14022
10402
5857
2623
10154
932
3475
13231
10475
399
6007
4136
3782
9557
11388
12928
10284
2462
488
4408
14076
1922
12899
1353
479
9072
7187
11785
11132
7928
10321
10407
2816
695
10718
1710
3391
13588
3901
11983
11908
10594
13410
2662
13641
13649
10787
10057
4936
7641
4566
12436
14780
6765
11796
9260
8624
8010
373
13159
12044
2008
4599
9621
10297
6048
8671
6652
5851
2712
5796
12089
11283
10863
12394
9439
12387
4737
6656
122
8942
6808
9199
10448
14650
5650
5625
2467
13408
14435
6351
554
6789
4238
5969
3301
5066
14142
1400
9764
12061
13899
7633
13694
13426
3
3104
2945
6879
14615
11527
2303
1812
8274
10422
3256
8810
10846
979
8904
4276
8125
835
2944
7549
430
13705
770
9718
4777
6415
1792
3131
13147
10146
4978
13814
3993
8816
2775
7106
5520
13158
7370
7803
6643
6529
5775
6821
4516
1174
7271
800
6889
3838
5070
3468
11026
10273
9518
1313
623
5905
13976
1558
1266
13617
8373
5553
1349
2799
2496
7898
8276
4203
9000
10012
14765
5508
7996
2701
12589
563
13120
14439
10896
551
7915
1121
5415
55
5963
13465
8065
13846
3235
7556
1898
12226
10126
4191
3063
2714
7264
11412
2181
7970
11426
5766
10856
6151
1737
10006
6228
6485
12702
14056
8680
2729
10234
550
1111
9976
7644
8529
11686
11741
10069
3531
6042
10793
7925
2708
13340
1329
7142
9690
13797
10952
1027
7191
2911
2228
13842
4273
2694
14889
497
12880
6669
11892
9469
11965
10792
12352
1668
13112
3628
14829
5232
7581
13661
3198
4048
12181
13300
1268
5938
2603
4716
7143
4955
3991
1863
11817
12709
6364
14549
14160
1562
13723
7966
1516
9328
3996
539
13578
4044
12919
5660
7472
9268
2919
10869
5154
11800
1620
2005
13037
8474
3324
5492
7991
9452
1286
3848
1123
1039
14192
11436
10393
9490
1732
2365
3178
402
1793
12689
6541
10581
4390
13514
13698
13114
8750
902
8847
3197
9921
8878
189
12954
7429
13099
7289
8587
3937
1948
6066
11072
3606
13688
13449
5339
14964
12879
7189
1481
5465
1734
14305
11413
1706
147
9501
1844
3650
4480
4603
12257
6711
114
8507
7684
8323
10666
10526
12446
9944
5974
10383
10911
2672
5592
13169
14846
2886
131
1566
4496
10189
13871
1114
13980
1989
5895
9801
1317
1069
6009
1059
2517
2666
6
3850
7519
6116
6460
3118
3035
9492
9539
6065
1359
3786
11665
5333
6092
6032
12927
6942
5260
14541
1104
13570
1156
7990
12051
1819
4468
2959
10365
10140
11725
9119
8644
7304
6597
5595
4225
1889
12102
5114
13998
9494
12039
3986
607
5695
625
14162
8320
12475
11596
4281
9413
4153
4906
4104
6319
2667
9108
5450
6166
8572
6280
2141
7388
10282
13082
6761
1385
14045
13614
12926
11730
13254
6671
13516
1652
98
14529
13609
6607
9195
2494
7477
14121
14365
13141
13241
10341
6913
10918
11027
6902
330
3515
2149
14569
4130
13632
2956
11247
12440
5083
13152
10665
3124
14096
1886
5002
9737
1061
4677
10372
2903
11035
5607
1868
7204
11832
13527
9115
12859
14466
3142
326
13745
13494
8477
884
14652
11917
691
5792
9920
412
697
537
10620
13847
8245
13994
9096
4206
11211
4058
7151
7834
4314
14922
11196
3866
14287
73
813
11311
872
3331
3489
4433
7217
10773
5280
9349
14320
594
12330
8961
9165
8143
3039
7580
2841
11816
12560
4667
11586
13440
5611
3849
5374
3258
5381
5279
8655
12659
5475
12533
4773
8126
487
12128
2908
4016
10508
11340
8074
12875
1347
7999
11961
11935
6058
12016
5587
10851
1509
321
12947
9342
13701
5900
6702
8640
13074
6876
9769
10488
5160
6459
7995
5043
14963
1606
2954
7941
3334
12437
14338
1851
8924
108
9438
43
5380
845
13788
2215
9594
6717
3564
7020
5135
9464
12769
1923
3384
3634
14990
8817
8116
13143
4115
10014
9280
8820
14283
255
3518
5335
9919
6409
11255
9506
3776
9202
4255
446
14632
482
6514
5740
4366
3013
14678
798
8204
9874
1788
3259
4856
11962
14108
10532
14186
6828
8513
8213
12557
275
11226
10647
12346
3812
680
12714
4348
3286
5393
14742
3902
6130
1670
9567
5008
8148
6382
3730
13336
14427
2645
4729
9220
5902
4639
4538
9238
11648
6142
2296
4459
6743
14866
10020
10512
14668
13397
3696
10974
3613
5715
788
9979
7887
3998
6365
10242
4877
1476
13656
11925
1449
3402
2977
8656
4322
14574
1384
895
1425
7901
13460
7082
2540
14916
13317
12182
7997
2862
6447
13434
8353
11199
2267
119
14711
11767
740
13433
12669
2145
1026
12691
12414
2144
11265
773
7390
8550
5408
7957
11047
1582
10022
1221
10498
2999
8345
2493
2488
1622
5215
7324
6297
4851
14982
6380
357
11156
5704
5594
14456
12169
2470
5709
6532
3983
1182
8967
729
11633
5962
1173
12438
79
14003
5667
14036
11529
12233
10605
11385
422
12126
6645
2302
11866
5710
12858
3361
10373
8554
2963
9062
1803
4237
12030
9264
5909
5831
3667
723
5886
6262
9377
6473
2822
11993
14476
14930
1565
14653
1013
6631
6230
9210
13730
3519
13303
9699
3922
14353
2464
7922
7470
9244
4377
5417
464
4060
11165
4699
9039
6270
12377
13949
12764
5956
6167
14729
3541
4678
3371
12848
8364
10676
11217
8099
2554
8589
14768
7674
1050
12851
13352
2480
11778
6533
3328
1321
8110
14948
9449
9196
2351
5844
8114
6897
8558
5123
2025
14695
10257
8906
9652
4374
2804
1635
5098
3678
10788
11377
8623
5960
5050
1416
2032
13199
9046
14453
6699
3020
12704
8019
8562
14510
1072
3657
14739
14141
13188
5871
11794
11957
581
8962
3289
713
13276
2598
10823
1300
117
6418
2004
8250
2550
14434
10657
8913
5351
7665
3760
3233
12713
2091
1607
6716
181
13032
100
10072
2501
9587
1646
1695
11541
14203
406
12676
7968
1172
4102
12584
1927
14732
3718
10125
14079
13153
2341
9756
10320
805
8216
3948
7688
9603
4039
3575
1119
8136
13970
4573
9223
10134
9255
13123
10600
19
3916
2089
705
11684
13022
6414
2063
13396
1781
11946
2468
14124
12118
10527
14259
3028
12184
12487
675
593
8028
2172
159
4819
5310
3292
8664
242
2491
12486
8852
13223
14080
9983
5400
11305
5516
6812
8665
8325
10225
1843
13706
11742
3095
2476
6212
5329
14302
14422
14461
1535
8
4989
12801
1831
6759
14533
41
9336
11704
4732
7272
4653
6452
1494
7598
7951
2455
11356
7812
144
12021
8997
2067
9249
1477
7565
10649
4839
8376
2631
2135
1038
9704
8062
14375
11572
2390
5841
11980
9772
5577
14314
13416
12091
4094
14852
60
7853
2682
4507
5937
14617
4705
8442
6827
7402
8955
5820
14462
13553
219
4161
7352
9069
11786
3469
10197
10107
5039
9784
7788
12550
2534
7909
1356
4493
1639
5463
1452
9166
14054
6110
7490
13079
13583
1890
3923
1533
14902
7935
5186
2477
3126
8332
366
10591
7112
6266
7379
13692
3461
14928
13981
9370
1554
8349
4435
3555
6944
7575
3995
7083
5639
768
14606
3514
9420
575
919
4734
8393
9991
1128
10789
10496
2604
12726
13288
2915
1419
7001
11657
2626
12512
11208
9747
12318
2094
2017
10445
6760
12788
11371
6551
5725
13742
2996
14589
9781
11978
5128
14248
8025
4293
14762
10089
9482
4660
4056
9706
7149
8336
9858
5081
12763
14176
7664
13740
4870
8220
6640
10168
14540
12924
5623
10815
1865
13001
7879
2200
11117
7481
7645
6632
2587
13823
4192
9549
5148
817
3868
11427
1682
12335
5616
4577
9331
5701
3157
8815
8158
8363
3510
13480
5149
13488
3455
7553
6114
6530
3586
459
1206
4302
7908
16
9337
9273
8935
4858
6482
12316
14178
2970
12778
7658
10270
8478
8909
6698
1152
3990
12995
2276
12185
4958
13836
14360
4251
3632
12325
13879
10701
7794
10746
14991
5706
13463
4590
10970
11358
4837
9612
12555
9326
12798
1001
4863
13569
6308
4020
2463
10151
5094
9602
9926
4342
14081
10858
8472
11163
2679
5581
2605
4331
230
11428
10989
12684
10294
1408
760
1186
12658
13062
14931
9828
10216
3802
4848
9838
11417
10408
8808
6869
5441
5085
9650
9705
5166
949
11422
8503
5642
3911
1546
7445
3835
9288
8577
12442
9713
3079
2258
3670
12852
2425
10517
3864
12328
5767
7831
9218
6411
2031
9194
3382
876
14147
588
3255
2406
316
12950
707
12050
5197
93
2505
7805
8864
10191
13651
4920
4845
9943
13869
5707
12727
8711
2703
7306
14645
1352
12017
7604
6019
5859
8484
6222
2627
11949
959
5253
3595
4372
6397
416
7750
11739
6988
678
12925
10265
14917
11216
10904
13154
12495
13828
11972
11240
14807
11783
11024
4646
8339
1170
11743
1718
13417
10825
2887
9445
11973
7586
14146
5602
4619
4069
2974
4327
5866
10529
2021
8900
6273
10203
9185
4116
9665
10085
4584
842
14391
1098
14961
6574
11914
13305
11140
11911
3447
11407
7220
11337
5422
2054
9782
9541
13852
10227
7117
13768
2546
2984
12287
6536
14369
6712
9732
10779
2573
11310
3152
9692
14683
11221
8936
2472
10106
11112
3374
13382
14261
12432
13282
14842
9736
2399
1619
9667
7107
7480
5376
8801
7772
5561
12667
13790
5774
12356
6966
4583
12107
8151
633
443
6136
9275
13542
14672
5486
194
9989
8769
14332
437
12376
9773
11148
10442
765
13209
12196
11738
12283
6766
1021
3030
10449
14885
3052
14835
14316
9274
12934
826
4910
9354
14230
9622
3282
6060
13665
14944
2522
112
13640
2683
1244
5847
12825
9971
9918
12001
11341
14699
13444
7743
13507
12000
2684
7539
4522
4205
3043
7484
920
10264
12705
3618
7832
9471
1019
8218
1120
997
12604
6326
12647
5047
6082
264
12593
983
6895
12269
4715
10540
14031
14946
2368
8094
11087
11171
5531
2665
2165
13966
8980
8632
12908
3982
1881
10824
748
9845
13036
2968
14432
8417
9790
8309
8424
3316
6857
8169
6694
7498
2084
5631
7207
22
10820
5538
12537
132
7301
3364
10405
2741
5479
10698
12839
1431
1298
5636
14212
2760
9424
10555
6981
4534
1960
257
4082
11727
12056
9003
13561
810
13087
3336
8949
14474
6014
14345
14640
7796
5145
207
3829
1284
9985
5372
9476
3481
1261
4974
12448
1343
13368
12568
14099
13910
9236
4067
1745
14288
9068
4040
6845
13904
10103
13166
4404
6601
4704
8889
11556
8784
13650
618
14058
14326
4622
4759
1522
7823
12917
12724
4165
6184
8056
14250
8515
4177
12783
1855
684
4317
5347
14905
12483
6096
8617
1941
6011
3488
10797
14855
14154
9708
11293
14117
11655
12844
5986
7653
2439
14467
13065
641
10441
10214
11316
5063
10503
5093
5438
7846
9895
3559
14670
6122
14673
8497
2062
1288
14704
9700
4498
6771
5808
6511
5608
12354
10999
9206
13358
12307
14980
14251
2220
10865
6277
11825
9745
12125
10045
4711
1105
232
11561
11233
8130
13018
4371
14933
14455
4241
11361
2756
5458
5407
7722
12846
5501
8898
3594
567
5967
11110
13399
4350
1396
9104
879
9785
4840
7421
8827
2074
224
3677
1423
14299
2100
8079
4546
7982
12150
12337
6588
13843
7205
7890
816
9138
8838
2897
7605
8762
429
2981
5221
1997
3999
14172
12554
5424
7165
523
465
10537
9219
5270
6763
14237
2183
13575
12660
3396
5042
12837
14932
1578
10301
14118
3721
13761
1157
9986
14526
8428
3143
1893
10455
1818
7486
951
2547
1947
2337
3653
635
6279
4656
1472
11133
10328
6659
13539
8177
3599
10451
561
12959
8403
13959
11988
2217
12750
12286
4911
11840
164
10026
9978
9558
8128
1161
8469
6354
9664
652
4872
3932
14482
1411
9314
10483
4544
9520
14686
2691
5719
5455
4923
8269
3694
6091
4269
6259
5250
11599
9254
5251
8993
4965
9596
8281
6243
1010
1887
2038
418
5550
10511
6422
10486
10840
13294
5358
2322
6256
9970
7558
8986
4855
6497
4111
10735
13993
12225
14131
6672
11259
8068
3460
6598
1987
12994
14049
6929
13105
5681
3610
9154
9740
2503
11181
11336
4360
14021
12895
11900
11787
12416
368
840
14999
14381
985
10687
9217
9078
8101
92
12719
2284
6543
8293
2373
534
10453
7779
7782
1772
11200
13991
5203
14082
2347
14803
195
7980
14914
7919
6822
6076
6025
1958
11400
7758
13307
11839
8792
14419
1051
10821
5822
11530
589
3648
8826
6887
12092
10024
9712
10799
3905
1413
10721
5578
5029
7166
9517
995
11122
9375
2803
12502
6635
821
4961
11512
364
9229
7584
1877
10071
5028
5970
7536
4818
8388
6141
13380
6143
4080
1778
13921
2045
5252
12472
10403
12305
6609
7422
10650
1785
10696
8120
10619
6878
4701
13329
11460
11389
14511
2865
10553
13187
2111
14969
1827
2601
6788
14777
7499
11574
7190
5167
5563
6494
10895
9833
10738
4692
8669
8735
11984
6053
13033
8438
3107
5601
13364
10155
13248
5652
2041
3964
415
8563
9463
11444
7547
13684
2918
2387
2884
9507
6227
4267
13818
1824
13995
4172
4756
3450
14758
969
129
13404
4992
7373
7014
5288
2129
3232
6185
2022
14496
3522
11164
14573
215
1471
506
12203
13439
390
12623
142
4249
2370
4482
9951
1978
12484
8905
4277
4053
5749
8673
9480
7146
5444
1017
1840
5586
11570
1319
598
7571
12812
14454
1616
8737
7781
9807
10040
7293
11242
14191
14623
1018
3769
4114
9250
4217
4585
11920
4286
14949
5451
13782
11394
4973
1761
2907
9121
12208
176
10531
11994
8365
1134
10306
2748
2506
1304
958
1448
14694
82
4229
8606
3910
11495
1392
6690
1171
3218
393
7059
5861
5199
11175
874
14975
13928
7585
9386
10447
7523
3504
8873
3722
1949
4454
354
5663
4636
7513
6838
6571
14840
11162
7032
13481
5794
10670
12594
3528
13878
3500
6804
1088
4652
3929
13026
6181
1145
10138
10946
6160
12247
7799
14815
3146
3103
2097
11593
2674
12813
5769
3428
824
14636
12520
14243
13028
6396
13506
13898
4386
4234
12264
11573
5528
6134
14744
4663
9818
9042
2412
13749
8011
3241
4796
13812
5540
14187
14149
1742
1561
3933
13513
11851
7184
11288
7797
10763
12146
14972
10248
6176
12302
3368
13691
10960
11682
7945
4357
1964
13243
8429
1679
11276
3117
6017
243
3205
1830
6275
9555
574
1951
7801
14208
3024
8543
14165
716
12290
5107
14201
12075
12415
4414
6950
8487
11751
10090
6881
204
12828
7243
1780
10468
12072
8627
14274
9580
13333
3799
7582
14068
10656
6587
5126
14424
1642
3553
2834
2325
13435
4830
2255
13217
1185
6898
8739
7487
7769
13265
11007
6296
10124
4816
12274
7974
1862
421
14253
14487
13612
3169
527
8916
4381
4211
5027
5324
3871
8845
2117
11488
2027
13503
10076
11114
1409
667
9147
14833
5745
3914
12739
5981
1183
2078
963
722
10283
14111
1771
8871
6995
14315
8702
9765
3416
11390
12784
1715
8795
7238
7998
11203
2588
7848
4207
727
2542
7383
5318
4687
3977
14642
1309
11777
822
2196
12755
2318
11815
13826
9610
4174
556
5685
611
12703
106
13825
6341
2569
663
3176
3412
6681
1909
2221
1011
11763
5714
4143
9571
4740
2699
5118
10425
10028
8383
2251
12657
2313
3113
11391
10139
10145
2864
9041
12046
5720
13979
8731
6649
1373
6945
6313
939
9825
4072
4346
621
5150
2416
11533
5350
13602
8486
233
3666
2223
6024
6084
14374
6047
5552
12938
4139
2788
14221
6069
6083
8001
4305
4695
11506
9670
10037
2052
9654
5771
1116
6445
14954
2641
11755
12344
3503
14858
847
13529
12816
14864
9114
11128
12418
11169
10254
5198
9916
9947
1648
3950
408
2408
10693
13041
2704
10969
1235
2912
3713
3094
1275
2600
640
14868
2444
11756
10316
14535
2398
3444
11580
12012
6027
5723
12373
5097
13384
6106
7015
4311
9125
10259
10988
2800
8467
12278
6854
4096
11066
8330
5874
4727
8679
10196
6829
6289
8694
9931
13038
6943
14981
11189
7043
8732
13902
3535
4391
5053
6376
12421
11826
1541
10874
9281
3486
14292
258
13398
13724
14715
4679
9232
5800
14367
7287
8300
2073
13118
9568
5082
12591
3459
14618
9792
104
13116
8342
4341
11433
14579
9143
10229
10768
9295
1367
6271
8173
11378
480
3474
13961
940
175
8794
1281
8412
12720
5076
794
1527
2688
1510
11649
4010
811
3186
383
8703
9849
2953
2832
10782
9107
12031
4774
2202
13354
5304
6648
4075
10966
4749
1643
5617
8634
5518
1222
14307
1658
6432
9148
12347
4471
2951
6088
14114
2614
10337
13473
4890
1388
4243
12891
6940
7285
13999
708
77
1911
950
9748
509
9158
12631
1066
9733
14913
7177
392
8552
6984
300
11937
8605
1341
993
13234
12435
5799
10329
11290
3053
6377
5209
4754
13550
6842
12780
6831
3438
7752
4718
5936
2570
14895
12656
9164
6018
10141
6613
6173
10762
3004
3810
4505
2192
13816
3612
14554
12098
12579
401
12052
10844
751
11009
11986
9723
12760
3980
1957
1290
916
12478
12869
1970
2243
11153
5957
13638
12806
1274
10324
11731
290
9604
7976
7433
10713
10388
3148
10470
3190
89
6969
2608
4260
6853
8080
455
7069
2880
12129
14936
3959
14527
11779
4284
10617
1662
7542
7113
9391
4674
1858
12149
1641
739
11670
2790
5341
11307
1638
6246
3645
1003
12256
841
2510
6710
1397
3592
14988
11320
8946
6444
1391
9061
1859
10011
9462
7178
13084
13110
8170
4099
10362
9741
12915
4166
4307
2535
10942
13962
683
9155
1932
2034
1031
483
11001
9204
838
10170
4025
9626
12406
5763
4529
5302
13094
7931
2966
5504
2339
8129
4392
12136
580
6448
2736
14578
945
13775
8926
7291
6412
8098
1937
4823
241
5265
3691
11887
4681
5021
6921
9431
8422
11439
12343
7381
6389
11325
14198
5927
1822
12022
11619
319
417
3856
9346
3710
12323
2931
6128
14515
3801
3878
7108
13459
13319
10558
14700
3872
10705
3202
10572
9678
5240
8014
3736
312
304
9134
6074
5576
10506
1032
14608
5332
14775
13462
11496
4562
9282
9893
5939
14478
2943
12802
184
4303
3137
10957
546
7198
7850
14229
419
8258
11696
13972
3023
14175
4449
2153
11438
6733
8029
13216
10662
8533
3621
6875
4209
14113
11641
6572
10587
14350
9088
4550
11878
11473
6689
3512
6764
5384
381
5770
7678
12280
9130
10317
8127
5906
2595
12013
3311
11509
3134
2913
960
6505
1344
2096
1994
11849
2409
10677
3745
12757
10753
6993
6073
1253
9146
2883
11184
14746
2877
966
9266
5887
4052
12363
3656
7374
13157
6359
806
288
10561
13752
3755
13778
7095
10244
5185
8427
4921
12462
14790
35
13259
2638
7497
3353
337
14396
12525
11257
7354
10211
4912
8970
3917
10094
5117
9574
2815
379
5971
13098
6864
10153
2653
13865
7233
7746
6223
5464
12973
13666
14633
3262
12222
11286
7601
4221
14979
1346
14125
10593
11583
1846
4106
8708
6745
6816
14955
9937
12573
1626
1748
2866
12777
9746
8184
11528
14798
9197
9129
8160
2155
8436
13943
7776
8092
2315
428
1489
1345
5585
11161
12295
9171
14712
475
9804
5670
3540
5428
13236
1896
4954
11830
827
8181
584
9051
4888
11618
12099
13892
3725
10838
4725
11764
3160
905
10325
4432
10951
1939
13903
5216
2995
5030
6832
11063
11999
5120
7096
3845
4218
8895
6274
8209
8145
9661
12514
201
4852
8021
7307
5935
14880
14854
7693
13596
14912
10501
3596
9231
7647
5217
11718
7100
14394
1324
536
14252
7696
8228
7295
12863
645
12390
168
10243
6627
0
3975
5403
4722
4706
8316
4129
5173
7333
3805
7277
10595
1444
8840
1654
2093
12411
1340
4077
7555
8575
12334
116
3507
6420
6041
11098
5011
9788
11922
742
8641
13912
4864
7731
13136
3978
13478
14023
13
5267
121
2700
1766
7007
6472
5791
7869
1698
2150
12423
8124
13421
4638
8877
9892
14693
11677
8613
12087
14528
8277
13689
4256
661
33
11747
12983
4388
4199
4470
10816
10208
6749
12794
1370
11557
4146
11592
1604
6183
11037
6581
4627
14516
6115
4895
6874
14002
1271
7710
9310
11601
11515
9814
6232
11032
13560
2782
13880
10807
7453
11520
9167
7627
14151
9901
277
12292
5073
14676
7357
6634
9799
14973
10010
8958
7800
2597
9330
13167
6295
5326
3295
11643
1645
3899
747
10314
9812
1763
7185
3223
490
5069
5004
709
10710
13040
10411
2098
14464
4180
4100
9057
1331
9387
3377
12047
5480
6805
5865
1295
8404
4159
9629
10575
2265
1747
9033
8863
7340
11628
3816
650
8598
11637
8848
6303
5369
7110
12279
629
14385
8394
7948
287
13789
6707
8208
14646
11269
7099
5804
1714
13442
5703
4951
4742
500
12556
2946
3701
12326
4602
12636
7495
6841
12327
1255
12628
6040
6807
10539
557
9488
5513
13285
295
5876
9333
5269
13598
8940
1159
2548
1320
6123
4541
2635
10841
12045
6660
9141
3297
14942
14887
1046
782
13997
13371
4179
2447
7579
222
2438
3819
14211
11571
1092
54
605
10688
13541
2489
907
4944
12507
2308
4696
6361
2853
7348
7705
11769
9443
3056
10632
6357
12845
14938
7463
6301
9414
75
6858
11635
7505
2401
3756
8147
6756
11906
2654
11081
3087
8510
14258
8638
2859
521
6615
9388
14708
3728
177
4907
14825
5784
4083
11227
3499
12456
3011
13308
8351
533
1030
9198
10965
4587
1549
10147
6458
4800
13491
12317
308
8512
7169
12479
1852
7844
10467
13969
14032
8188
4212
837
12210
13792
2160
9537
12811
6561
2988
5035
11155
2874
7695
217
2285
12505
7608
1238
13445
6695
10042
1318
3329
13522
2112
13295
9466
577
11119
2456
1067
13010
6663
6398
1085
3003
13537
1753
10939
8545
1110
12922
3602
14342
6740
6676
1195
9617
11348
1058
6755
5141
3252
10831
2767
9257
5222
13470
7466
4297
14053
4897
6936
18
12237
11459
1615
11232
7876
4495
3122
12447
6696
1213
3397
11834
9176
2579
9897
4231
13751
8689
883
9422
8858
2527
13349
11805
12979
4766
9007
3695
13025
1511
10477
1483
3109
9406
10986
6416
7804
8723
1799
4849
4859
386
7663
5541
14388
6946
7699
12215
896
3378
619
9861
252
587
7817
10609
8244
12190
3947
1093
2046
1168
6791
1776
4309
2210
6618
14090
9052
14748
1211
1825
4427
2286
3608
9371
10193
14312
12096
2320
9258
6219
11968
5519
11802
14276
2680
8788
1661
3924
653
12841
9999
9153
5307
8372
3583
4589
11168
9214
1077
6865
2434
13773
4611
9815
13357
6641
14845
5497
1765
10462
9109
11113
7260
6794
13875
11038
13250
4101
3140
11020
2685
2106
12808
1083
5449
5181
6868
5665
9855
13628
10431
10350
11458
12499
14485
3047
12576
14303
839
3293
8350
8947
14493
12395
2154
12944
10804
9100
1383
10366
9483
6371
5377
6963
4939
1389
3431
5613
12519
12276
7419
8384
4539
5092
14484
8804
9404
12793
3064
14285
1040
9014
7530
12153
14091
8635
7387
14819
271
14206
9415
14890
9357
17
8167
9117
5024
9373
1885
10205
14522
12688
8894
11907
9889
7845
11322
14994
10060
14322
9447
8137
12445
3673
12894
10719
13466
7652
6030
10173
7808
1469
12601
14753
6152
5037
1201
11638
10894
12156
10013
13714
2632
14200
7101
8411
14826
10769
11299
7439
12696
5664
5825
5473
7492
4353
2805
2410
750
10232
3482
3217
1212
5212
10954
12744
12893
3081
8704
11245
9319
13635
1828
439
5854
9097
4437
6068
7152
1783
7003
14372
13915
11933
807
14671
4
1920
12314
14120
6653
5174
8542
7196
4561
2989
5729
9340
2057
12911
4547
9311
1801
6931
8901
7512
2531
5732
9734
11896
12734
6706
7700
7070
3234
11241
4757
10256
8024
6490
12725
8183
8022
12430
4601
631
4629
5161
890
6405
5533
13492
2244
7448
3981
3200
3708
5662
12243
6790
7954
604
10648
2791
3071
9402
156
11284
5068
12970
14824
361
5499
3156
11483
1215
12002
2384
11662
14328
3187
11594
11219
8502
11663
2275
4363
5916
11912
1705
4295
6592
7849
13643
14687
4717
3366
14985
5605
7488
9423
8249
2750
5655
13804
11060
1158
7618
13458
11131
13900
5371
7423
3248
3668
1486
12566
7594
3453
13931
10169
7720
7294
14235
388
10629
11089
3033
14514
14295
553
10977
1651
2519
12621
9899
3846
5575
989
12819
9739
10379
80
192
6780
14077
1936
11650
10144
8018
11812
1791
1680
14763
4720
8203
3949
1132
9467
12054
4336
10549
11137
10882
14063
4794
14451
4458
8334
5949
6742
9898
1351
2263
7398
10708
1395
858
606
9512
5787
7368
444
1849
13407
14577
8360
13389
6565
10332
135
7134
14293
13474
5101
9959
11862
6877
3422
5001
13139
2590
10075
12935
1439
7068
909
11109
2143
7288
8307
5204
9613
6465
5840
14490
2451
14594
7218
7440
692
5086
766
11939
12602
14702
1593
6579
4494
9840
8165
7777
4642
14624
856
9563
5614
8396
513
9866
3086
9915
13267
8972
14440
2758
5858
4235
3969
1022
8471
12410
14309
13298
14100
11553
10433
10249
10854
14064
246
1779
6320
4568
8052
6199
644
7964
2453
13146
6590
13634
7789
14331
13743
7050
14897
9321
6133
7572
9477
7163
1124
12068
11055
4640
12608
8705
14776
11375
11053
2652
5459
9611
9320
136
11782
9860
9696
13827
13511
14911
12997
11740
964
8238
6099
9542
11656
7617
948
3972
3352
5869
10535
13799
3426
2885
1749
7959
7336
8087
7942
1502
11929
1463
13450
10541
5286
12616
11545
12969
14279
9572
6421
13759
8668
7607
11661
5483
1900
6257
5673
6039
12996
8505
8555
5089
578
10266
4304
10387
10876
3748
5411
1326
14903
8017
4998
12027
3492
11694
2814
14747
11034
1310
10660
6384
2639
8596
14262
11321
2397
1056
9
6335
7564
13833
10781
11145
13657
13348
1921
13654
10997
11405
14757
2824
5793
12567
4148
4398
8237
8499
3296
4924
6112
11588
9344
11042
12530
5178
7286
2802
5997
3958
2578
268
14771
1613
8696
4185
5919
8642
13645
6847
8146
6580
3936
13894
2180
14034
7385
8086
3637
13385
3060
11275
13567
11315
12425
11683
10664
7740
8317
13639
1907
4592
7436
10923
3660
6140
8907
13955
305
12439
7493
14873
10745
1942
5943
12982
6104
12005
13249
14947
5512
7677
12212
1853
2558
503
6059
4409
14402
2204
9160
10675
14220
13191
254
13647
8885
1976
6531
6708
3642
10161
863
2811
160
9089
13427
6892
10286
12282
4113
519
4843
10580
4608
2147
9819
12003
5500
9071
13081
8790
7969
8646
3638
5283
9190
7741
7313
12281
12104
14379
1065
12700
761
5736
2533
9508
4402
7851
11998
10686
5812
7907
9163
12407
2955
5133
452
8609
7911
7252
5357
9724
9325
2281
2469
5194
14898
3788
6767
97
14552
9826
14773
13944
5448
9293
5878
6023
10073
11940
12371
1422
14697
14193
4565
14030
10137
3773
5062
8566
2980
14689
10041
3108
5546
4834
4969
829
11160
9570
208
352
9582
9403
10771
12510
3562
11490
11285
4382
12536
8312
3044
11714
11821
5303
463
11524
1378
9808
10186
13068
8981
12074
4703
642
2176
7985
6542
13280
13930
11411
4518
4735
3896
7209
9511
1591
1279
10220
8107
3051
14392
2485
8754
13353
13985
3188
14284
11192
8896
11563
9087
11349
10226
12716
14371
14643
3345
11744
8385
1612
14538
3216
12199
2042
14046
5018
3939
5676
9099
14471
596
4173
6000
7280
3061
2423
1208
1982
10466
5694
4378
3313
12639
3890
155
14273
2613
6657
4822
3796
4461
3900
12809
3698
14870
12678
13573
13881
7538
3627
14814
9668
14701
14184
220
2744
6604
469
12232
6614
5819
7708
9245
10948
3350
8964
8265
12474
7412
10183
9890
10047
14098
3955
7824
3302
591
4783
1167
7830
1603
9017
14611
5159
8738
12485
14012
8789
735
1610
12920
11748
12781
8854
9794
9297
11166
2123
6117
1738
5718
7610
12572
13401
3007
182
10051
7875
10224
5699
3569
13932
12796
8603
5537
1514
1940
13667
7623
14393
4887
9726
4606
4278
5778
10559
12590
11837
2019
4871
10724
8988
7780
875
13315
3358
4332
8470
11550
6905
2393
2871
9395
4713
9113
10148
8977
4182
12144
11076
6154
10132
1184
12469
4876
8401
4798
4779
228
2621
13728
11002
2236
2909
13253
14150
5643
6349
7983
9548
13257
7145
12916
3220
13314
12176
2668
6911
5493
3323
11318
12374
12252
7685
1426
5711
7042
14882
11080
3076
4868
6692
11521
769
7432
11820
9797
8308
1035
4275
6043
10699
11822
4319
944
5337
1627
5258
3732
898
2525
1
12685
3892
10893
12984
10717
5634
13533
7496
9638
6197
11644
14000
10611
10596
8390
13820
6720
13023
762
327
2355
776
11353
6516
8546
11326
12262
4062
3372
5080
14039
929
1841
10156
1730
3794
3181
7981
5999
14163
1832
7807
10382
5983
5169
13015
9837
11526
672
14153
878
1117
5671
4233
10530
2743
5730
11010
5544
281
9591
11674
2765
9608
1536
543
8489
12451
820
2602
10083
6703
10184
13793
9355
10842
2619
938
6086
10347
3326
8951
7551
8371
9865
5917
10435
3036
7443
14069
7861
13360
11333
2917
10584
10564
9487
1468
7229
5193
13218
3221
12632
11036
8559
11207
3616
10396
1968
11792
11936
13517
12914
10673
7600
6504
12957
13326
7048
348
11452
6353
239
3591
4073
11559
10063
14074
6078
9433
11537
915
9924
11014
8141
12545
4323
5017
1086
9015
7246
14347
6741
8743
218
8273
7474
6584
14048
12790
7860
9753
5598
5249
1555
12228
2432
14655
10008
4510
9956
4632
14300
1053
9672
13600
13067
8140
10268
9640
4977
11049
7450
14494
2937
1163
9156
5976
12694
5658
63
7868
13711
11828
425
11617
9205
3692
12516
14264
11281
5311
12385
1130
14185
8902
6395
9666
2403
9105
2916
13239
5702
12345
8166
8761
340
13753
10917
10308
8279
11858
7872
7321
7284
14492
5862
8131
8599
7089
3405
2504
10480
4193
8578
9787
8663
4828
7628
5293
3906
5522
4554
13716
2920
5099
13485
172
7667
13113
13803
2369
3558
7682
6953
14962
4680
9188
2615
9816
11880
7416
3314
6746
6155
247
7587
12271
11123
5558
7576
13510
2537
925
5572
772
12617
12172
2521
1675
14196
7350
6797
47
11273
8221
1181
5433
2764
12055
5837
3128
2513
14760
767
3762
1835
755
5593
8802
11144
712
9098
10472
3390
7840
11142
14507
14816
8361
44
4375
5345
2523
13185
6081
12506
6687
11950
6400
10233
1655
5048
7276
5274
8685
11687
5254
1154
2731
10826
14377
8333
7384
8016
3506
11899
6517
5297
8374
1647
9912
5728
12888
6462
4123
294
10016
7723
11931
5278
2664
819
9127
9856
2185
13873
1741
6537
391
2687
3533
6322
6772
686
12511
13483
1571
9996
3861
12431
3133
12476
1390
423
4785
1445
13883
11516
2104
6369
10429
520
13765
3406
6513
784
1239
3841
646
2730
13140
8049
6882
5172
5072
868
6554
3458
1327
5850
10361
10261
7917
4132
10065
10755
8509
6520
12024
14278
212
867
894
12747
2926
9938
3308
6163
14576
2961
6928
9910
6237
1838
5762
12953
1740
5442
4027
4385
5535
4477
8284
12321
2933
12956
2717
2270
289
6924
6180
7873
8355
2070
14749
4349
6594
9234
3590
12518
7009
4979
1465
1969
744
12998
7810
505
565
12059
14272
11292
7606
4553
6343
1796
2770
13232
5722
13992
7086
8616
4968
90
11640
2833
12138
2511
5675
13680
3716
4009
10729
58
711
10378
11855
1984
13947
4850
3111
12221
3954
7338
5016
2586
7467
10212
13048
7337
1424
7870
5959
12595
11513
7820
10571
725
3640
10001
13719
5143
1200
2932
11448
9173
10289
10315
11392
3165
8210
10207
12772
14893
13174
8015
12498
2589
2110
10122
9777
2188
8055
7856
12380
7763
1095
6628
11215
14202
5364
5242
14130
5776
5798
14778
13275
10044
12820
4540
7476
9763
10958
4061
8760
323
13109
9935
8785
7030
7447
4612
5696
8953
10621
1257
4124
9844
1673
8387
5566
11508
8347
11319
6015
5896
8836
6236
4760
1457
11981
2214
5924
12455
13225
13177
10152
1450
6461
11016
6956
6629
7899
7098
11462
6127
4537
6255
12711
468
6079
7401
9079
13487
9208
11424
5482
6562
10218
12707
2929
9827
2762
7745
6825
14614
2171
11801
8191
11409
6188
10652
4178
3008
5814
6954
12699
10135
6861
14920
2495
1804
830
7382
3770
2269
1873
7133
7510
11006
9675
3652
11079
2433
4528
5824
473
5832
11363
3960
5860
11853
10937
3957
5897
5284
14004
10802
2213
10363
9292
5183
12135
5434
5987
13145
8479
2998
8458
10635
9472
10250
5452
3369
12501
576
7670
6342
10777
6781
846
13008
14910
7058
11266
12940
12386
11938
12832
11434
11387
7023
12366
8585
4021
3551
9553
3737
11278
1280
6169
9351
345
2431
893
669
9820
13180
6242
3662
9894
1974
946
12494
11222
14823
2335
13291
11942
9427
13709
9181
7064
6719
5211
14935
14084
12216
6704
8745
5756
14329
5773
2640
11702
11690
4613
6539
2591
339
4400
9012
1722
5910
746
6731
12310
12378
2990
630
14109
14026
2481
9064
6474
7395
4473
6005
13277
13764
1817
2837
1386
6773
6972
5828
11538
8581
3941
6839
9589
6683
10770
9496
11611
11178
13923
13526
10417
11872
6217
671
6498
696
4658
13777
6962
7657
7156
10499
9811
10253
10855
6391
3771
6792
8714
11846
14194
14255
11888
3119
12477
14134
4508
11760
1240
8399
3994
2787
2024
14761
12266
5157
8912
7733
8561
4411
5529
13732
6730
5023
4000
5106
12710
13920
9689
4702
5491
8233
12105
7248
3548
9578
12654
8090
4724
10764
4383
10174
14734
3093
3228
8968
4134
10645
10401
8280
11647
9651
10963
501
5226
8938
8713
5010
3687
6856
6367
8205
13475
7265
12952
5657
7949
542
1399
3089
11267
1246
2532
9998
6235
6996
10843
5398
10597
2385
7161
7916
1243
1636
3271
6119
1219
5829
4287
4835
4308
2197
10672
12870
1760
1601
9554
9562
9977
937
6268
1103
2616
13887
10659
6033
5672
2396
5375
223
9776
6577
13309
8828
5084
1633
13737
10165
4670
12665
11118
12120
4962
14498
7504
7507
3219
7742
10551
5911
5991
13215
14792
2520
1625
8526
11894
2349
2840
11086
10975
6564
12140
8443
3714
12913
5688
1398
13029
7157
1628
11698
7105
3938
4593
14110
13687
1816
1854
95
4190
11291
12113
10255
4151
1739
12651
13312
6345
8482
9531
8311
389
2516
14593
3006
9707
9317
679
13963
2896
2713
10439
13733
10791
4841
94
4739
12018
11884
12197
2364
3009
10834
6685
3646
3979
13760
13853
2555
10889
12989
4803
10884
11720
9961
4453
10334
2253
5121
9767
149
9952
10651
8138
9841
8354
7215
617
6782
14119
4514
14531
9070
9376
3570
9168
11693
12671
4957
6094
9997
14604
4902
1950
2839
3869
792
6622
614
4446
7417
3010
1762
3291
14525
850
655
13636
7659
12141
9888
9969
1784
11621
4503
1814
2075
8803
14795
8097
4133
8455
3683
9103
7640
14663
11774
2827
781
4625
173
10604
5330
2305
4685
7540
10097
10574
9222
382
5806
2895
12293
1660
6700
9384
7977
9392
3516
1237
10715
2693
2580
12324
8493
12857
9684
3971
5810
14491
12034
8057
624
5821
8783
1697
12866
3833
9590
6466
6022
12961
6547
2847
12053
8461
9671
668
3072
5789
10560
11963
2606
12412
4814
2044
9556
11969
398
10835
6654
14875
13568
4810
10476
12200
961
1401
3067
5168
14271
12028
7630
8560
448
2735
984
2345
13794
9142
5087
7515
3012
7037
1708
6440
13802
1122
3619
1297
4012
13058
10077
1081
1436
12084
7172
5977
4746
11819
405
9308
8514
13085
10860
14904
10376
6451
2184
6585
10756
11695
8532
8430
332
1377
13287
7963
11218
9290
2826
10164
14837
8809
5158
186
12033
12968
9900
1795
5421
12206
13318
3272
8573
12663
9697
4521
11138
1570
11280
502
3281
865
10003
3480
11919
3803
7188
3738
8584
13220
3712
2227
7410
6333
6960
2350
8692
6833
3639
1971
1495
13132
14876
5712
10384
14878
8812
7232
7918
9927
3173
4886
7154
10494
4614
1052
6915
9908
7138
6258
13721
8556
8882
3363
843
5245
14680
8869
9144
6575
9822
2212
13772
990
8163
971
5867
12273
3889
4313
14706
5102
2414
2819
4556
4410
10567
4085
699
8859
3270
10509
14465
5075
14390
10993
3300
14806
9885
5040
13304
372
8500
11985
14325
8106
14167
8179
10563
2340
2757
7305
7589
14750
2663
4662
14164
9693
752
9958
899
11420
12690
188
2460
456
3542
10292
2036
11595
4001
4795
6352
2733
1034
9716
706
8756
3556
4092
6225
8903
6305
8362
14551
7118
12492
10121
9957
2560
7296
11893
11547
8459
436
5038
8996
9805
10050
4598
9425
12177
12006
4362
12073
887
356
14958
2182
128
2250
14787
14143
11681
299
4109
3813
11564
4258
8553
11225
10359
13683
2311
8421
12011
1965
10263
7719
5263
5724
1091
9847
14411
13731
11976
1726
14585
3386
1432
12964
3153
13509
14060
10510
3615
5833
12151
5600
10870
9247
627
7378
5843
296
25
4669
2157
13929
3379
6978
11075
13697
3521
7578
9561
14675
14323
9770
7428
9294
8155
6976
9738
8225
12630
4105
6331
613
9886
1931
2177
8491
1361
9139
12508
5401
11759
2260
5629
4369
10109
11847
3885
7759
9619
6213
1991
12876
13242
12180
12771
5568
3840
6540
11416
3253
11549
6512
12049
6973
7762
11771
2241
13128
5689
7593
4500
6985
11504
4982
14817
8223
3401
7713
5461
10112
167
11008
1686
3944
6559
4572
11523
13613
458
13581
3779
10546
1644
1901
7894
8490
1963
3651
5342
2407
8770
10235
1856
1189
7236
2292
307
9536
11499
9048
6194
4324
8570
3211
12231
12966
11642
12060
2952
1990
10228
1165
7254
13595
5153
5996
10832
7051
11463
13747
13391
1015
12687
12214
12581
13512
8746
14523
11930
9932
3517
14445
9201
10814
8974
8674
13690
13587
7683
14029
5826
2229
9063
143
11979
11498
7219
13387
2518
9086
12405
8893
8630
657
9085
13479
152
1504
11841
8321
823
14809
4079
7053
4630
6198
13829
11453
12611
9459
3811
6576
11568
10222
6170
8043
9872
10654
12359
6209
10628
1433
1600
10307
374
4465
8518
3669
1588
4486
13659
6549
14811
13593
12463
10837
13545
855
2361
11258
7569
14883
14751
9877
1520
10357
9656
6075
972
7527
3456
7694
13919
5590
2039
12400
11554
6670
14984
8434
13807
9942
3305
4949
12178
11587
10087
2774
8639
12133
12014
4339
2222
14336
6379
13361
9584
2982
9647
11700
13958
7892
5651
7833
13813
301
4697
12308
11254
3344
4253
14132
7988
7709
11749
14545
8441
12748
13520
2529
8235
7760
5498
12081
6644
6105
5635
2647
6860
3908
9750
10163
4090
11158
7612
4007
8549
6386
3729
7226
8392
6591
9875
12309
7119
14477
14764
3578
1089
7897
8291
8212
14443
12854
13378
7331
1144
5610
13608
1064
12393
2544
3349
9516
13007
11579
10871
11987
12224
12741
7323
13162
13566
477
12850
3552
9434
12077
10566
2446
12085
7371
6784
6736
4684
282
10096
14989
2836
3749
12629
14586
10915
14874
5229
9854
8899
3031
11762
8629
14600
13409
2992
2011
2612
2199
11039
10285
9004
7263
433
9263
2065
11111
8033
10757
1735
11327
8614
5477
13196
5383
12312
7320
4844
12526
4197
14244
7636
7703
12122
595
13430
4966
8534
6294
12500
7140
6967
6500
14240
912
11581
7244
13446
11519
4005
4321
3080
2785
14587
12902
2198
12907
14581
4087
11000
3511
6646
310
5246
9479
14616
13420
3893
9226
2738
8008
7457
1303
12194
2876
4879
3759
664
2207
11091
7393
8059
818
11467
8824
5316
12251
325
3854
1407
9299
1225
14128
4122
6965
6862
12544
2272
1523
11057
4017
3277
1374
2890
12615
13758
3050
13996
2326
13675
14986
11600
13882
5760
6394
14995
234
11776
8544
11468
1307
7060
2490
852
13942
14363
6509
4700
13322
5108
8381
1629
3251
7787
9674
13247
764
7975
403
6339
11765
13135
12549
3734
1773
53
3907
13425
9887
13519
7526
14832
4214
7622
10392
14382
9189
5923
4171
7240
7210
2435
6267
4120
10850
6899
10281
12110
2023
11271
2486
4769
11491
11179
8290
3351
14306
8439
3544
901
4389
5271
3887
538
12239
10852
4683
11230
13137
4799
11597
13284
6168
4262
8681
496
14831
6050
3684
4150
1143
8182
2386
11885
756
5545
4857
13151
14723
1530
8447
14
4352
11224
8931
2648
11304
11173
7456
5340
14603
11282
1231
3018
573
13149
13393
14919
6519
267
3068
3002
8039
10310
10927
7430
2245
3017
2739
730
7411
7298
8950
7702
7533
14122
8454
5156
1995
9742
13830
1634
14794
10058
1689
14597
6998
8564
5355
13987
14429
8255
7904
5079
14093
7139
779
2262
6055
2643
14863
8522
5268
6190
14123
12540
6446
6883
11734
2113
7932
8748
11082
11608
2881
6329
2556
237
7717
973
7351
5234
14630
5308
10358
11713
8517
6332
1669
7956
5202
10336
10716
4397
8423
6450
13448
13580
1728
4032
6051
2224
10412
9914
1850
7602
226
5682
5349
10194
6211
7130
943
1805
2306
10354
9077
10025
4081
6726
13781
6548
4931
13840
11202
11475
11775
10236
1532
4953
4355
5782
10274
8164
3245
14731
11646
8241
302
1082
9960
1544
10276
12124
4030
5823
4441
5196
862
14690
9628
6651
3383
7227
8251
6028
6589
1671
492
2769
349
4230
449
10606
5588
1595
3697
6438
65
793
14209
10027
14406
6723
3785
4354
5834
1054
3243
6240
2107
4416
395
3723
4826
7407
11761
10625
12971
13386
3897
8032
2420
7235
10579
13727
10398
12578
8426
14452
13206
8466
4316
10901
8777
491
12159
165
9605
8749
3752
7785
14592
12467
9446
11607
7960
1813
6404
1515
3806
2006
7854
3709
1985
12358
2050
12939
9021
2466
14275
7937
4984
5788
7886
3123
12179
12364
11688
3025
445
11736
2618
4580
4971
6919
1934
11096
3526
12223
6378
249
5569
34
9783
8763
11408
6469
12861
11212
9560
7193
968
5412
11150
1363
2813
8306
2354
1060
2747
457
6855
8717
1556
14843
10330
7471
12459
11791
1807
5827
12542
9029
11068
13811
14168
10035
14804
5925
6003
5195
9126
13377
12563
10117
13704
9802
7055
721
1672
12524
4909
13469
6178
1466
6951
13083
3513
10959
12019
5978
4420
7208
10703
5556
599
14602
11251
8982
1897
12586
10502
10356
1115
7427
7405
2566
11921
13070
12782
14486
3448
7984
6674
4714
12372
13366
11603
2661
1943
8040
5034
5103
5884
4594
13472
2958
2825
158
8580
351
1226
7016
3557
3739
4438
6328
6189
923
12263
3636
3842
5137
4736
3686
13736
9474
1415
6568
13669
8287
14420
10115
7813
13197
3464
12943
8774
5580
10533
4763
6031
1837
12433
10327
1233
785
2252
5005
8695
9530
8027
9509
2343
13703
13125
5031
5388
7080
11691
2502
2856
12729
4412
10340
5921
4015
4506
8744
12304
676
7353
4469
6165
344
6753
6754
2203
216
14346
8757
7721
1474
11425
7017
9393
1259
13256
3761
13237
926
9178
11350
7828
13953
11501
13390
8721
9657
10916
11505
2331
11446
704
2607
6162
4330
6121
4068
7615
13155
7790
11046
2136
8833
833
2835
9646
9090
13310
1691
14009
11891
13262
2905
12740
14756
5239
5077
4405
1538
4726
9774
14421
8335
13073
13515
10209
45
14769
8853
3175
7031
9485
6070
3791
5205
9514
5618
13227
4753
5955
13925
6248
11103
7521
7268
8979
4484
10046
1097
10833
400
12993
13471
13127
13810
7545
6971
12253
6835
10940
5396
4748
10311
9124
8791
4559
3280
5045
13891
8473
7989
8415
13676
1437
12625
10639
7971
7180
481
8818
13582
453
562
11041
8524
13117
12770
14269
3775
1623
757
14721
2085
4002
13183
14867
7837
10038
4914
10991
9157
12154
14500
2925
14909
1774
2330
10418
5543
3962
8588
13549
3097
11493
5130
4682
4665
7006
5487
1500
10415
14223
9035
12482
8825
4520
6823
10287
2795
1467
3693
245
1079
2473
882
3537
8073
877
11415
11263
12209
13369
13044
10345
6489
4043
10689
11067
14050
6619
2353
10590
9316
11877
6426
13521
3989
8806
9192
14468
13809
13540
8952
848
5515
8356
7255
1888
9503
14214
8044
1743
5292
14659
4315
12160
688
14450
14249
14412
12618
12504
10129
7676
2742
2103
7458
4098
8595
10421
2319
4310
564
13104
834
81
11045
3787
7596
14298
1129
5559
9876
14014
10471
2594
12158
2422
12868
10906
10964
4578
11253
9982
11474
3968
14560
12795
571
14810
11097
8960
14728
14282
11323
8324
7822
5972
5534
5846
3798
1731
14517
5231
5191
13877
8897
10200
3703
9527
5429
4935
8516
4370
6691
3304
12570
8957
12787
8305
7072
2681
6363
14213
3830
14691
11354
1560
11625
10367
7174
7574
12419
10176
12843
6904
13437
14301
1584
157
8270
1127
10861
10491
8144
10188
13982
2949
1442
1810
13066
5751
2357
3201
4128
5430
6097
8440
14197
14733
11104
13571
1972
12849
947
12582
12268
14386
52
9180
11029
9179
3042
7531
11236
9691
2376
10054
5946
5179
7019
14800
13821
13133
4481
10601
612
9093
7275
4789
7347
5994
9209
6252
7770
7399
10504
2564
2081
4813
11220
2367
6338
11062
2670
2553
14020
9836
12867
10805
20
14281
2752
512
11129
5691
7614
14073
1924
7680
2457
13859
3048
11795
10618
1724
365
13053
3912
4443
10928
5612
12229
1575
13774
14444
8298
6471
6191
6515
9345
10369
7912
10298
14308
12067
14857
6417
12717
70
498
14159
180
13000
8475
4006
10215
8368
86
10348
3105
8948
3276
6064
2442
6837
4771
9246
2695
9009
6265
171
14891
9945
6316
4222
2845
11455
13372
13862
8851
5747
6840
14297
3393
280
1707
1078
2780
8667
7687
1499
11604
9585
6727
13707
10578
14872
5014
11031
12646
5057
13100
13138
1599
11306
10279
14483
3129
14908
12428
10759
12842
12368
14355
1574
3757
3315
4792
1063
11205
10305
12119
10217
7349
1149
12826
13695
5852
14547
3574
3523
8934
13586
11660
7906
13951
10752
3449
7404
14644
9806
1659
11366
6486
12249
6886
5690
13964
10053
9037
5404
3720
170
1690
13030
10002
10642
14389
7136
8239
8418
7888
11708
2348
2358
253
11952
14144
5356
2232
4731
11997
12213
7372
6037
689
5392
535
9744
5801
3325
6309
5385
11301
10868
2321
11051
5182
10123
11560
8495
5115
2130
3425
10364
11159
9174
6786
4499
7033
3355
3073
4509
13927
14463
3702
409
13355
3433
2923
5645
38
5903
9150
7958
4847
3288
11383
8631
11951
1358
2413
4466
14475
897
8193
14520
2581
10585
5700
9752
4784
4373
6650
6918
10613
2498
4358
7753
5414
10741
441
4624
1492
14512
6360
12408
7638
5656
8856
2274
8344
9715
7748
9635
7066
12211
7468
11753
145
1044
2797
774
5061
3473
1164
2474
4772
13663
859
3237
2821
11472
7315
13306
6806
9407
14634
11188
1723
7389
8590
3299
8420
9538
6578
2971
9813
11948
2660
4296
7464
2380
9322
10318
14737
4743
6095
12745
5626
8752
9569
12306
4889
12217
6348
9049
397
5888
11856
3096
8257
1106
14290
3115
4959
2972
5387
1524
6970
14929
10312
9669
3149
11238
1531
3239
6935
3894
84
4257
14957
10912
6493
6600
11295
3622
3873
8591
3611
13453
4240
14188
11606
6495
3886
7341
6624
2346
1563
7028
6907
2649
9902
741
6483
12062
12575
6818
6502
8956
12803
7938
12094
11833
12429
14294
6148
8091
13868
8995
13504
261
7973
9609
13756
5968
6545
13670
2728
5914
8519
3715
12580
10902
9504
9809
6484
3809
11345
3875
12202
14808
6709
214
10812
5390
6358
5370
13211
849
5606
548
8684
4049
11432
758
2233
7979
8707
7026
12559
4893
7559
5842
2927
10437
5312
14330
6146
5952
5320
2888
2545
10682
10634
8190
6393
3530
8046
5247
9455
11532
7092
7147
7501
2450
10998
9637
2259
6226
12718
10528
6481
8724
13057
2076
4442
7002
682
3476
14571
7044
11852
8174
11634
11274
1198
3125
540
10908
3357
1043
4208
7462
5003
1594
5015
7570
5317
10344
11726
6747
8000
2328
3579
9925
14334
14703
3417
6680
2156
1839
12338
892
10055
4254
6796
3075
297
11497
5780
12452
13508
5386
6149
1875
4634
4775
6912
6439
14499
4610
3942
7309
9484
9581
2726
8767
12715
4210
2707
1704
6337
14361
14062
11711
14245
3227
638
7718
14849
3279
12835
1505
2755
12981
13452
7546
5490
10360
1866
23
14116
3818
7239
3150
5781
7302
2077
4329
14480
2857
11028
10113
3934
6633
1041
9296
11992
13906
7403
4406
1694
7345
11185
12227
12080
7366
13785
11090
3303
13725
1794
5124
14169
10518
1382
2902
4530
7646
1719
853
2018
10420
8180
13240
3880
13210
5913
13624
2610
7266
9577
495
11672
7827
11477
10543
7517
14409
5207
14055
8733
1033
8918
12666
3976
14495
1028
9106
6655
244
7202
1136
7029
3731
6901
12270
8432
3394
10748
11859
12070
3367
14918
4655
726
651
7123
5864
6872
8292
6866
14772
14107
2115
11040
14101
11149
10711
11331
8710
8608
9824
12255
11843
9145
10450
4195
976
9586
7103
3904
9870
3862
4367
891
9653
12369
5557
13362
5716
11004
10910
10068
5647
3505
14562
11193
12095
2295
13626
11335
5472
11465
110
11395
9080
6776
5171
11187
1684
942
3593
12712
193
4631
7494
900
5397
13671
13148
7809
14018
7737
1308
2175
2209
3706
6830
4142
14489
7673
1802
14736
6172
13653
2277
4047
10043
522
4189
14086
2060
1579
13311
6477
2231
385
13863
2234
1366
13290
2991
3655
9390
7297
10547
13168
12762
6299
2246
9419
1581
8775
14799
1101
10
3082
10542
1720
426
8649
13791
2125
2087
10552
4694
4054
11116
7795
7537
4952
1250
14234
5109
2817
12754
3099
922
1767
12453
9624
12565
362
7626
9953
11620
13016
7650
8866
3451
336
8787
815
14591
8379
14641
3159
1232
10015
5419
7000
14971
718
5315
5942
5517
120
5281
12553
3768
11990
3477
1339
14900
3635
9681
9251
9967
12906
10005
10180
14024
5362
1981
6925
1484
3021
11869
199
1348
9031
5379
6922
6249
11023
8865
9177
454
5807
8547
1421
6126
5259
8645
13633
6098
2617
12648
5180
6468
3491
9289
3387
14260
3322
311
8722
13376
9365
4118
2429
5410
4057
2332
3585
8102
3688
8437
7392
2033
342
3584
5817
4797
8989
4485
14001
5785
3744
4289
2216
10839
8299
4343
315
5495
6525